0.00000e+00 0.00000e+00
1.00000e-03 1.98013e-02
2.00000e-03 3.92105e-02
3.00000e-03 5.82354e-02
4.00000e-03 7.68835e-02
5.00000e-03 9.51622e-02
6.00000e-03 1.13079e-01
7.00000e-03 1.30641e-01
8.00000e-03 1.47855e-01
9.00000e-03 1.64728e-01
1.00000e-02 1.81267e-01
1.10000e-02 1.97478e-01
1.20000e-02 2.13368e-01
1.30000e-02 2.28943e-01
1.40000e-02 2.44209e-01
1.50000e-02 2.59173e-01
1.60000e-02 2.73841e-01
1.70000e-02 2.88218e-01
1.80000e-02 3.02310e-01
1.90000e-02 3.16123e-01
2.00000e-02 3.29662e-01
2.10000e-02 3.42933e-01
2.20000e-02 3.55941e-01
2.30000e-02 3.68691e-01
2.40000e-02 3.81188e-01
2.50000e-02 3.93438e-01
2.60000e-02 4.05445e-01
2.70000e-02 4.17214e-01
2.80000e-02 4.28749e-01
2.90000e-02 4.40056e-01
3.00000e-02 4.51139e-01
3.10000e-02 4.62002e-01
3.20000e-02 4.72650e-01
3.30000e-02 4.83087e-01
3.40000e-02 4.93317e-01
3.50000e-02 5.03344e-01
3.60000e-02 5.13172e-01
3.70000e-02 5.22806e-01
3.80000e-02 5.32248e-01
3.90000e-02 5.41503e-01
4.00000e-02 5.50575e-01
4.10000e-02 5.59467e-01
4.20000e-02 5.68183e-01
4.30000e-02 5.76726e-01
4.40000e-02 5.85099e-01
4.50000e-02 5.93307e-01
4.60000e-02 6.01352e-01
4.70000e-02 6.09237e-01
4.80000e-02 6.16966e-01
4.90000e-02 6.24542e-01
5.00000e-02 6.31967e-01
5.10000e-02 6.39246e-01
5.20000e-02 6.46380e-01
5.30000e-02 6.53373e-01
5.40000e-02 6.60226e-01
5.50000e-02 6.66945e-01
5.60000e-02 6.73530e-01
5.70000e-02 6.79984e-01
5.80000e-02 6.86310e-01
5.90000e-02 6.92511e-01
6.00000e-02 6.98589e-01
6.10000e-02 7.04547e-01
6.20000e-02 7.10386e-01
6.30000e-02 7.16110e-01
6.40000e-02 7.21720e-01
6.50000e-02 7.27219e-01
6.60000e-02 7.32609e-01
6.70000e-02 7.37892e-01
6.80000e-02 7.43071e-01
6.90000e-02 7.48147e-01
7.00000e-02 7.53122e-01
7.10000e-02 7.57998e-01
7.20000e-02 7.62778e-01
7.30000e-02 7.67463e-01
7.40000e-02 7.72056e-01
7.50000e-02 7.76557e-01
7.60000e-02 7.80969e-01
7.70000e-02 7.85294e-01
7.80000e-02 7.89532e-01
7.90000e-02 7.93687e-01
8.00000e-02 7.97760e-01
8.10000e-02 8.01752e-01
8.20000e-02 8.05665e-01
8.30000e-02 8.09500e-01
8.40000e-02 8.13259e-01
8.50000e-02 8.16944e-01
8.60000e-02 8.20555e-01
8.70000e-02 8.24096e-01
8.80000e-02 8.27566e-01
8.90000e-02 8.30967e-01
9.00000e-02 8.34301e-01
9.10000e-02 8.37569e-01
9.20000e-02 8.40772e-01
9.30000e-02 8.43912e-01
9.40000e-02 8.46989e-01
9.50000e-02 8.50006e-01
9.60000e-02 8.52962e-01
9.70000e-02 8.55861e-01
9.80000e-02 8.58702e-01
9.90000e-02 8.61486e-01
1.00000e-01 8.64216e-01
1.01000e-01 8.66891e-01
1.02000e-01 8.69513e-01
1.03000e-01 8.72084e-01
1.04000e-01 8.74604e-01
1.05000e-01 8.77073e-01
1.06000e-01 8.79494e-01
1.07000e-01 8.81867e-01
1.08000e-01 8.84193e-01
1.09000e-01 8.86473e-01
1.10000e-01 8.88708e-01
1.11000e-01 8.90898e-01
1.12000e-01 8.93046e-01
1.13000e-01 8.95150e-01
1.14000e-01 8.97213e-01
1.15000e-01 8.99236e-01
1.16000e-01 9.01218e-01
1.17000e-01 9.03161e-01
1.18000e-01 9.05066e-01
1.19000e-01 9.06932e-01
1.20000e-01 9.08762e-01
1.21000e-01 9.10556e-01
1.22000e-01 9.12315e-01
1.23000e-01 9.14038e-01
1.24000e-01 9.15728e-01
1.25000e-01 9.17384e-01
1.26000e-01 9.19007e-01
1.27000e-01 9.20598e-01
1.28000e-01 9.22158e-01
1.29000e-01 9.23687e-01
1.30000e-01 9.25186e-01
1.31000e-01 9.26655e-01
1.32000e-01 9.28095e-01
1.33000e-01 9.29507e-01
1.34000e-01 9.30891e-01
1.35000e-01 9.32247e-01
1.36000e-01 9.33577e-01
1.37000e-01 9.34880e-01
1.38000e-01 9.36158e-01
1.39000e-01 9.37410e-01
1.40000e-01 9.38638e-01
1.41000e-01 9.39841e-01
1.42000e-01 9.41021e-01
1.43000e-01 9.42177e-01
1.44000e-01 9.43311e-01
1.45000e-01 9.44422e-01
1.46000e-01 9.45511e-01
1.47000e-01 9.46579e-01
1.48000e-01 9.47625e-01
1.49000e-01 9.48651e-01
1.50000e-01 9.49657e-01
1.51000e-01 9.50643e-01
1.52000e-01 9.51610e-01
1.53000e-01 9.52557e-01
1.54000e-01 9.53486e-01
1.55000e-01 9.54396e-01
1.56000e-01 9.55289e-01
1.57000e-01 9.56163e-01
1.58000e-01 9.57021e-01
1.59000e-01 9.57862e-01
1.60000e-01 9.58686e-01
1.61000e-01 9.59494e-01
1.62000e-01 9.60286e-01
1.63000e-01 9.61062e-01
1.64000e-01 9.61823e-01
1.65000e-01 9.62569e-01
1.66000e-01 9.63301e-01
1.67000e-01 9.64018e-01
1.68000e-01 9.64721e-01
1.69000e-01 9.65410e-01
1.70000e-01 9.66085e-01
1.71000e-01 9.66747e-01
1.72000e-01 9.67396e-01
1.73000e-01 9.68033e-01
1.74000e-01 9.68657e-01
1.75000e-01 9.69268e-01
1.76000e-01 9.69868e-01
1.77000e-01 9.70455e-01
1.78000e-01 9.71032e-01
1.79000e-01 9.71596e-01
1.80000e-01 9.72150e-01
1.81000e-01 9.72693e-01
1.82000e-01 9.73225e-01
1.83000e-01 9.73747e-01
1.84000e-01 9.74258e-01
1.85000e-01 9.74760e-01
1.86000e-01 9.75251e-01
1.87000e-01 9.75733e-01
1.88000e-01 9.76206e-01
1.89000e-01 9.76669e-01
1.90000e-01 9.77123e-01
1.91000e-01 9.77568e-01
1.92000e-01 9.78004e-01
1.93000e-01 9.78432e-01
1.94000e-01 9.78852e-01
1.95000e-01 9.79263e-01
1.96000e-01 9.79666e-01
1.97000e-01 9.80061e-01
1.98000e-01 9.80449e-01
1.99000e-01 9.80829e-01
2.00000e-01 9.81201e-01
2.01000e-01 9.81566e-01
2.02000e-01 9.81924e-01
2.03000e-01 9.82275e-01
2.04000e-01 9.82619e-01
2.05000e-01 9.82956e-01
2.06000e-01 9.83287e-01
2.07000e-01 9.83611e-01
2.08000e-01 9.83929e-01
2.09000e-01 9.84241e-01
2.10000e-01 9.84547e-01
2.11000e-01 9.84846e-01
2.12000e-01 9.85140e-01
2.13000e-01 9.85428e-01
2.14000e-01 9.85710e-01
2.15000e-01 9.85987e-01
2.16000e-01 9.86258e-01
2.17000e-01 9.86524e-01
2.18000e-01 9.86785e-01
2.19000e-01 9.87041e-01
2.20000e-01 9.87292e-01
2.21000e-01 9.87538e-01
2.22000e-01 9.87779e-01
2.23000e-01 9.88015e-01
2.24000e-01 9.88247e-01
2.25000e-01 9.88474e-01
2.26000e-01 9.88697e-01
2.27000e-01 9.88915e-01
2.28000e-01 9.89129e-01
2.29000e-01 9.89339e-01
2.30000e-01 9.89545e-01
2.31000e-01 9.89747e-01
2.32000e-01 9.89945e-01
2.33000e-01 9.90139e-01
2.34000e-01 9.90329e-01
2.35000e-01 9.90516e-01
2.36000e-01 9.90699e-01
2.37000e-01 9.90878e-01
2.38000e-01 9.91054e-01
2.39000e-01 9.91226e-01
2.40000e-01 9.91395e-01
2.41000e-01 9.91561e-01
2.42000e-01 9.91724e-01
2.43000e-01 9.91883e-01
2.44000e-01 9.92039e-01
2.45000e-01 9.92193e-01
2.46000e-01 9.92343e-01
2.47000e-01 9.92490e-01
2.48000e-01 9.92635e-01
2.49000e-01 9.92776e-01
2.50000e-01 9.92915e-01
2.51000e-01 9.93051e-01
2.52000e-01 9.93185e-01
2.53000e-01 9.93316e-01
2.54000e-01 9.93444e-01
2.55000e-01 9.93570e-01
2.56000e-01 9.93694e-01
2.57000e-01 9.93815e-01
2.58000e-01 9.93933e-01
2.59000e-01 9.94050e-01
2.60000e-01 9.94164e-01
2.61000e-01 9.94276e-01
2.62000e-01 9.94386e-01
2.63000e-01 9.94493e-01
2.64000e-01 9.94599e-01
2.65000e-01 9.94702e-01
2.66000e-01 9.94804e-01
2.67000e-01 9.94903e-01
2.68000e-01 9.95001e-01
2.69000e-01 9.95096e-01
2.70000e-01 9.95190e-01
2.71000e-01 9.95282e-01
2.72000e-01 9.95373e-01
2.73000e-01 9.95461e-01
2.74000e-01 9.95548e-01
2.75000e-01 9.95633e-01
2.76000e-01 9.95716e-01
2.77000e-01 9.95798e-01
2.78000e-01 9.95878e-01
2.79000e-01 9.95957e-01
2.80000e-01 9.96034e-01
2.81000e-01 9.96110e-01
2.82000e-01 9.96184e-01
2.83000e-01 9.96257e-01
2.84000e-01 9.96328e-01
2.85000e-01 9.96398e-01
2.86000e-01 9.96467e-01
2.87000e-01 9.96534e-01
2.88000e-01 9.96600e-01
2.89000e-01 9.96665e-01
2.90000e-01 9.96729e-01
2.91000e-01 9.96791e-01
2.92000e-01 9.96852e-01
2.93000e-01 9.96912e-01
2.94000e-01 9.96971e-01
2.95000e-01 9.97028e-01
2.96000e-01 9.97085e-01
2.97000e-01 9.97140e-01
2.98000e-01 9.97195e-01
2.99000e-01 9.97248e-01
3.00000e-01 9.97300e-01
3.01000e-01 9.97351e-01
3.02000e-01 9.97402e-01
3.03000e-01 9.97451e-01
3.04000e-01 9.97499e-01
3.05000e-01 9.97547e-01
3.06000e-01 9.97593e-01
3.07000e-01 9.97639e-01
3.08000e-01 9.97684e-01
3.09000e-01 9.97728e-01
3.10000e-01 9.97771e-01
3.11000e-01 9.97813e-01
3.12000e-01 9.97854e-01
3.13000e-01 9.97895e-01
3.14000e-01 9.97935e-01
3.15000e-01 9.97974e-01
3.16000e-01 9.98012e-01
3.17000e-01 9.98050e-01
3.18000e-01 9.98087e-01
3.19000e-01 9.98123e-01
3.20000e-01 9.98158e-01
3.21000e-01 9.98193e-01
3.22000e-01 9.98227e-01
3.23000e-01 9.98261e-01
3.24000e-01 9.98293e-01
3.25000e-01 9.98326e-01
3.26000e-01 9.98357e-01
3.27000e-01 9.98388e-01
3.28000e-01 9.98419e-01
3.29000e-01 9.98448e-01
3.30000e-01 9.98478e-01
3.31000e-01 9.98506e-01
3.32000e-01 9.98534e-01
3.33000e-01 9.98562e-01
3.34000e-01 9.98589e-01
3.35000e-01 9.98616e-01
3.36000e-01 9.98642e-01
3.37000e-01 9.98667e-01
3.38000e-01 9.98692e-01
3.39000e-01 9.98717e-01
3.40000e-01 9.98741e-01
3.41000e-01 9.98765e-01
3.42000e-01 9.98788e-01
3.43000e-01 9.98811e-01
3.44000e-01 9.98833e-01
3.45000e-01 9.98855e-01
3.46000e-01 9.98876e-01
3.47000e-01 9.98897e-01
3.48000e-01 9.98918e-01
3.49000e-01 9.98938e-01
3.50000e-01 9.98958e-01
3.51000e-01 9.98978e-01
3.52000e-01 9.98997e-01
3.53000e-01 9.99016e-01
3.54000e-01 9.99034e-01
3.55000e-01 9.99052e-01
3.56000e-01 9.99070e-01
3.57000e-01 9.99087e-01
3.58000e-01 9.99104e-01
3.59000e-01 9.99121e-01
3.60000e-01 9.99137e-01
3.61000e-01 9.99154e-01
3.62000e-01 9.99169e-01
3.63000e-01 9.99185e-01
3.64000e-01 9.99200e-01
3.65000e-01 9.99215e-01
3.66000e-01 9.99230e-01
3.67000e-01 9.99244e-01
3.68000e-01 9.99258e-01
3.69000e-01 9.99272e-01
3.70000e-01 9.99285e-01
3.71000e-01 9.99299e-01
3.72000e-01 9.99312e-01
3.73000e-01 9.99325e-01
3.74000e-01 9.99337e-01
3.75000e-01 9.99349e-01
3.76000e-01 9.99362e-01
3.77000e-01 9.99373e-01
3.78000e-01 9.99385e-01
3.79000e-01 9.99396e-01
3.80000e-01 9.99408e-01
3.81000e-01 9.99419e-01
3.82000e-01 9.99429e-01
3.83000e-01 9.99440e-01
3.84000e-01 9.99450e-01
3.85000e-01 9.99461e-01
3.86000e-01 9.99471e-01
3.87000e-01 9.99480e-01
3.88000e-01 9.99490e-01
3.89000e-01 9.99499e-01
3.90000e-01 9.99509e-01
3.91000e-01 9.99518e-01
3.92000e-01 9.99527e-01
3.93000e-01 9.99536e-01
3.94000e-01 9.99544e-01
3.95000e-01 9.99553e-01
3.96000e-01 9.99561e-01
3.97000e-01 9.99569e-01
3.98000e-01 9.99577e-01
3.99000e-01 9.99585e-01
4.00000e-01 9.99592e-01
4.01000e-01 9.99600e-01
4.02000e-01 9.99607e-01
4.03000e-01 9.99614e-01
4.04000e-01 9.99622e-01
4.05000e-01 9.99629e-01
4.06000e-01 9.99635e-01
4.07000e-01 9.99642e-01
4.08000e-01 9.99649e-01
4.09000e-01 9.99655e-01
4.10000e-01 9.99661e-01
4.11000e-01 9.99668e-01
4.12000e-01 9.99674e-01
4.13000e-01 9.99680e-01
4.14000e-01 9.99686e-01
4.15000e-01 9.99691e-01
4.16000e-01 9.99697e-01
4.17000e-01 9.99703e-01
4.18000e-01 9.99708e-01
4.19000e-01 9.99714e-01
4.20000e-01 9.99719e-01
4.21000e-01 9.99724e-01
4.22000e-01 9.99729e-01
4.23000e-01 9.99734e-01
4.24000e-01 9.99739e-01
4.25000e-01 9.99744e-01
4.26000e-01 9.99748e-01
4.27000e-01 9.99753e-01
4.28000e-01 9.99757e-01
4.29000e-01 9.99762e-01
4.30000e-01 9.99766e-01
4.31000e-01 9.99770e-01
4.32000e-01 9.99775e-01
4.33000e-01 9.99779e-01
4.34000e-01 9.99783e-01
4.35000e-01 9.99787e-01
4.36000e-01 9.99791e-01
4.37000e-01 9.99794e-01
4.38000e-01 9.99798e-01
4.39000e-01 9.99802e-01
4.40000e-01 9.99805e-01
4.41000e-01 9.99809e-01
4.42000e-01 9.99813e-01
4.43000e-01 9.99816e-01
4.44000e-01 9.99819e-01
4.45000e-01 9.99823e-01
4.46000e-01 9.99826e-01
4.47000e-01 9.99829e-01
4.48000e-01 9.99832e-01
4.49000e-01 9.99835e-01
4.50000e-01 9.99838e-01
4.51000e-01 9.99841e-01
4.52000e-01 9.99844e-01
4.53000e-01 9.99847e-01
4.54000e-01 9.99850e-01
4.55000e-01 9.99852e-01
4.56000e-01 9.99855e-01
4.57000e-01 9.99858e-01
4.58000e-01 9.99860e-01
4.59000e-01 9.99863e-01
4.60000e-01 9.99865e-01
4.61000e-01 9.99868e-01
4.62000e-01 9.99870e-01
4.63000e-01 9.99872e-01
4.64000e-01 9.99875e-01
4.65000e-01 9.99877e-01
4.66000e-01 9.99879e-01
4.67000e-01 9.99881e-01
4.68000e-01 9.99883e-01
4.69000e-01 9.99886e-01
4.70000e-01 9.99888e-01
4.71000e-01 9.99890e-01
4.72000e-01 9.99892e-01
4.73000e-01 9.99894e-01
4.74000e-01 9.99895e-01
4.75000e-01 9.99897e-01
4.76000e-01 9.99899e-01
4.77000e-01 9.99901e-01
4.78000e-01 9.99903e-01
4.79000e-01 9.99905e-01
4.80000e-01 9.99906e-01
4.81000e-01 9.99908e-01
4.82000e-01 9.99910e-01
4.83000e-01 9.99911e-01
4.84000e-01 9.99913e-01
4.85000e-01 9.99914e-01
4.86000e-01 9.99916e-01
4.87000e-01 9.99917e-01
4.88000e-01 9.99919e-01
4.89000e-01 9.99920e-01
4.90000e-01 9.99922e-01
4.91000e-01 9.99923e-01
4.92000e-01 9.99925e-01
4.93000e-01 9.99926e-01
4.94000e-01 9.99927e-01
4.95000e-01 9.99929e-01
4.96000e-01 9.99930e-01
4.97000e-01 9.99931e-01
4.98000e-01 9.99932e-01
4.99000e-01 9.99934e-01
