0.00000e+00 2.22222e+00
1.00000e-03 -4.93831e-01
2.00000e-03 2.82580e+00
3.00000e-03 -1.23154e+00
4.00000e-03 3.72746e+00
5.00000e-03 -2.33359e+00
6.00000e-03 5.07443e+00
7.00000e-03 -3.97993e+00
8.00000e-03 7.08667e+00
9.00000e-03 -6.43941e+00
1.00000e-02 1.00928e+01
1.10000e-02 -1.01137e+01
1.20000e-02 1.45838e+01
1.30000e-02 -1.56030e+01
1.40000e-02 2.12932e+01
1.50000e-02 -2.38038e+01
1.60000e-02 3.13171e+01
1.70000e-02 -3.60561e+01
1.80000e-02 4.62932e+01
1.90000e-02 -5.43616e+01
2.00000e-02 6.86684e+01
2.10000e-02 -8.17115e+01
2.20000e-02 1.02099e+02
2.30000e-02 -1.22576e+02
2.40000e-02 1.52050e+02
2.50000e-02 -1.83633e+02
2.60000e-02 2.26685e+02
2.70000e-02 -2.74866e+02
2.80000e-02 3.38207e+02
2.90000e-02 -4.11190e+02
3.00000e-02 5.04851e+02
3.10000e-02 -6.14899e+02
3.20000e-02 7.53870e+02
3.30000e-02 -9.19310e+02
3.40000e-02 1.12600e+03
3.50000e-02 -1.37422e+03
3.60000e-02 1.68211e+03
3.70000e-02 -2.05406e+03
3.80000e-02 2.51322e+03
3.90000e-02 -3.07010e+03
4.00000e-02 3.75534e+03
4.10000e-02 -4.58862e+03
4.20000e-02 5.61180e+03
4.30000e-02 -6.85826e+03
4.40000e-02 8.38659e+03
4.50000e-02 -1.02507e+04
4.60000e-02 1.25341e+04
4.70000e-02 -1.53215e+04
4.80000e-02 1.87338e+04
4.90000e-02 -2.29015e+04
5.00000e-02 2.80016e+04
5.10000e-02 -3.42329e+04
5.20000e-02 4.18562e+04
5.30000e-02 -5.11729e+04
5.40000e-02 6.25691e+04
5.50000e-02 -7.64991e+04
5.60000e-02 9.35366e+04
5.70000e-02 -1.14365e+05
5.80000e-02 1.39838e+05
5.90000e-02 -1.70982e+05
6.00000e-02 2.09070e+05
6.10000e-02 -2.55642e+05
6.20000e-02 3.12596e+05
6.30000e-02 -3.82239e+05
6.40000e-02 4.67409e+05
6.50000e-02 -5.71561e+05
6.60000e-02 6.98934e+05
6.70000e-02 -8.54701e+05
6.80000e-02 1.04520e+06
6.90000e-02 -1.27818e+06
7.00000e-02 1.56311e+06
7.10000e-02 -1.91159e+06
7.20000e-02 2.33780e+06
7.30000e-02 -2.85907e+06
7.40000e-02 3.49664e+06
7.50000e-02 -4.27645e+06
7.60000e-02 5.23026e+06
7.70000e-02 -6.39690e+06
7.80000e-02 7.82390e+06
7.90000e-02 -9.56939e+06
8.00000e-02 1.17045e+07
8.10000e-02 -1.43162e+07
8.20000e-02 1.75111e+07
8.30000e-02 -2.14192e+07
8.40000e-02 2.62001e+07
8.50000e-02 -3.20486e+07
8.60000e-02 3.92035e+07
8.70000e-02 -4.79565e+07
8.80000e-02 5.86648e+07
8.90000e-02 -7.17657e+07
9.00000e-02 8.77939e+07
9.10000e-02 -1.07404e+08
9.20000e-02 1.31396e+08
9.30000e-02 -1.60752e+08
9.40000e-02 1.96670e+08
9.50000e-02 -2.40617e+08
9.60000e-02 2.94392e+08
9.70000e-02 -3.60191e+08
9.80000e-02 4.40707e+08
9.90000e-02 -5.39231e+08
1.00000e-01 6.59796e+08
1.01000e-01 -8.07334e+08
1.02000e-01 9.87884e+08
1.03000e-01 -1.20884e+09
1.04000e-01 1.47925e+09
1.05000e-01 -1.81018e+09
1.06000e-01 2.21520e+09
1.07000e-01 -2.71090e+09
1.08000e-01 3.31760e+09
1.09000e-01 -4.06016e+09
1.10000e-01 4.96906e+09
1.11000e-01 -6.08155e+09
1.12000e-01 7.44328e+09
1.13000e-01 -9.11014e+09
1.14000e-01 1.11505e+10
1.15000e-01 -1.36483e+10
1.16000e-01 1.67059e+10
1.17000e-01 -2.04490e+10
1.18000e-01 2.50313e+10
1.19000e-01 -3.06413e+10
1.20000e-01 3.75095e+10
1.21000e-01 -4.59184e+10
1.22000e-01 5.62138e+10
1.23000e-01 -6.88193e+10
1.24000e-01 8.42537e+10
1.25000e-01 -1.03152e+11
1.26000e-01 1.26293e+11
1.27000e-01 -1.54629e+11
1.28000e-01 1.89328e+11
1.29000e-01 -2.31820e+11
1.30000e-01 2.83855e+11
1.31000e-01 -3.47581e+11
1.32000e-01 4.25624e+11
1.33000e-01 -5.21205e+11
1.34000e-01 6.38267e+11
1.35000e-01 -7.81644e+11
1.36000e-01 9.57254e+11
1.37000e-01 -1.17235e+12
1.38000e-01 1.43582e+12
1.39000e-01 -1.75855e+12
1.40000e-01 2.15389e+12
1.41000e-01 -2.63817e+12
1.42000e-01 3.23144e+12
1.43000e-01 -3.95824e+12
1.44000e-01 4.84864e+12
1.45000e-01 -5.93952e+12
1.46000e-01 7.27604e+12
1.47000e-01 -8.91358e+12
1.48000e-01 1.09200e+13
1.49000e-01 -1.33784e+13
1.50000e-01 1.63909e+13
1.51000e-01 -2.00823e+13
1.52000e-01 2.46057e+13
1.53000e-01 -3.01490e+13
1.54000e-01 3.69422e+13
1.55000e-01 -4.52676e+13
1.56000e-01 5.54709e+13
1.57000e-01 -6.79763e+13
1.58000e-01 8.33035e+13
1.59000e-01 -1.02090e+14
1.60000e-01 1.25117e+14
1.61000e-01 -1.53343e+14
1.62000e-01 1.87943e+14
1.63000e-01 -2.30358e+14
1.64000e-01 2.82354e+14
1.65000e-01 -3.46098e+14
1.66000e-01 4.24248e+14
1.67000e-01 -5.20061e+14
1.68000e-01 6.37534e+14
1.69000e-01 -7.81569e+14
1.70000e-01 9.58179e+14
1.71000e-01 -1.17474e+15
1.72000e-01 1.44029e+15
1.73000e-01 -1.76593e+15
1.74000e-01 2.16528e+15
1.75000e-01 -2.65502e+15
1.76000e-01 3.25565e+15
1.77000e-01 -3.99230e+15
1.78000e-01 4.89580e+15
1.79000e-01 -6.00400e+15
1.80000e-01 7.36331e+15
1.81000e-01 -9.03069e+15
1.82000e-01 1.10760e+16
1.83000e-01 -1.35851e+16
1.84000e-01 1.66633e+16
1.85000e-01 -2.04396e+16
1.86000e-01 2.50726e+16
1.87000e-01 -3.07570e+16
1.88000e-01 3.77315e+16
1.89000e-01 -4.62894e+16
1.90000e-01 5.67904e+16
1.91000e-01 -6.96762e+16
1.92000e-01 8.54891e+16
1.93000e-01 -1.04895e+17
1.94000e-01 1.28711e+17
1.95000e-01 -1.57940e+17
1.96000e-01 1.93814e+17
1.97000e-01 -2.37846e+17
1.98000e-01 2.91893e+17
1.99000e-01 -3.58235e+17
2.00000e-01 4.39674e+17
2.01000e-01 -5.39647e+17
2.02000e-01 6.62379e+17
2.03000e-01 -8.13057e+17
2.04000e-01 9.98052e+17
2.05000e-01 -1.22519e+18
2.06000e-01 1.50408e+18
2.07000e-01 -1.84652e+18
2.08000e-01 2.26703e+18
2.09000e-01 -2.78342e+18
2.10000e-01 3.41757e+18
2.11000e-01 -4.19638e+18
2.12000e-01 5.15287e+18
2.13000e-01 -6.32765e+18
2.14000e-01 7.77060e+18
2.15000e-01 -9.54299e+18
2.16000e-01 1.17201e+19
2.17000e-01 -1.43946e+19
2.18000e-01 1.76801e+19
2.19000e-01 -2.17165e+19
2.20000e-01 2.66755e+19
2.21000e-01 -3.27684e+19
2.22000e-01 4.02546e+19
2.23000e-01 -4.94533e+19
2.24000e-01 6.07567e+19
2.25000e-01 -7.46469e+19
2.26000e-01 9.17169e+19
2.27000e-01 -1.12695e+20
2.28000e-01 1.38478e+20
2.29000e-01 -1.70168e+20
2.30000e-01 2.09118e+20
2.31000e-01 -2.56996e+20
2.32000e-01 3.15849e+20
2.33000e-01 -3.88198e+20
2.34000e-01 4.77142e+20
2.35000e-01 -5.86490e+20
2.36000e-01 7.20932e+20
2.37000e-01 -8.86232e+20
2.38000e-01 1.08948e+21
2.39000e-01 -1.33941e+21
2.40000e-01 1.64675e+21
2.41000e-01 -2.02471e+21
2.42000e-01 2.48953e+21
2.43000e-01 -3.06120e+21
2.44000e-01 3.76433e+21
2.45000e-01 -4.62918e+21
2.46000e-01 5.69300e+21
2.47000e-01 -7.00162e+21
2.48000e-01 8.61147e+21
2.49000e-01 -1.05920e+22
2.50000e-01 1.30286e+22
2.51000e-01 -1.60265e+22
2.52000e-01 1.97152e+22
2.53000e-01 -2.42541e+22
2.54000e-01 2.98393e+22
2.55000e-01 -3.67126e+22
2.56000e-01 4.51714e+22
2.57000e-01 -5.55818e+22
2.58000e-01 6.83948e+22
2.59000e-01 -8.41657e+22
2.60000e-01 1.03578e+23
2.61000e-01 -1.27475e+23
2.62000e-01 1.56893e+23
2.63000e-01 -1.93109e+23
2.64000e-01 2.37697e+23
2.65000e-01 -2.92595e+23
2.66000e-01 3.60190e+23
2.67000e-01 -4.43424e+23
2.68000e-01 5.45921e+23
2.69000e-01 -6.72143e+23
2.70000e-01 8.27592e+23
2.71000e-01 -1.01905e+24
2.72000e-01 1.25485e+24
2.73000e-01 -1.54531e+24
2.74000e-01 1.90309e+24
2.75000e-01 -2.34384e+24
2.76000e-01 2.88681e+24
2.77000e-01 -3.55575e+24
2.78000e-01 4.37993e+24
2.79000e-01 -5.39543e+24
2.80000e-01 6.64674e+24
2.81000e-01 -8.18868e+24
2.82000e-01 1.00889e+25
2.83000e-01 -1.24307e+25
2.84000e-01 1.53169e+25
2.85000e-01 -1.88742e+25
2.86000e-01 2.32590e+25
2.87000e-01 -2.86639e+25
2.88000e-01 3.53269e+25
2.89000e-01 -4.35410e+25
2.90000e-01 5.36679e+25
2.91000e-01 -6.61539e+25
2.92000e-01 8.15492e+25
2.93000e-01 -1.00533e+26
2.94000e-01 1.23942e+26
2.95000e-01 -1.52812e+26
2.96000e-01 1.88416e+26
2.97000e-01 -2.32328e+26
2.98000e-01 2.86491e+26
2.99000e-01 -3.53301e+26
3.00000e-01 4.35715e+26
3.01000e-01 -5.37384e+26
3.02000e-01 6.62814e+26
3.03000e-01 -8.17566e+26
3.04000e-01 1.00851e+27
3.05000e-01 -1.24411e+27
3.06000e-01 1.53485e+27
3.07000e-01 -1.89363e+27
3.08000e-01 2.33642e+27
3.09000e-01 -2.88292e+27
3.10000e-01 3.55744e+27
3.11000e-01 -4.39004e+27
3.12000e-01 5.41782e+27
3.13000e-01 -6.68660e+27
3.14000e-01 8.25300e+27
3.15000e-01 -1.01869e+28
3.16000e-01 1.25748e+28
3.17000e-01 -1.55233e+28
3.18000e-01 1.91643e+28
3.19000e-01 -2.36606e+28
3.20000e-01 2.92137e+28
3.21000e-01 -3.60721e+28
3.22000e-01 4.45434e+28
3.23000e-01 -5.50073e+28
3.24000e-01 6.79334e+28
3.25000e-01 -8.39020e+28
3.26000e-01 1.03631e+29
3.27000e-01 -1.28006e+29
3.28000e-01 1.58124e+29
3.29000e-01 -1.95340e+29
3.30000e-01 2.41330e+29
3.31000e-01 -2.98166e+29
3.32000e-01 3.68410e+29
3.33000e-01 -4.55230e+29
3.34000e-01 5.62544e+29
3.35000e-01 -6.95200e+29
3.36000e-01 8.59190e+29
3.37000e-01 -1.06193e+30
3.38000e-01 1.31259e+30
3.39000e-01 -1.62251e+30
3.40000e-01 2.00574e+30
3.41000e-01 -2.47964e+30
3.42000e-01 3.06571e+30
3.43000e-01 -3.79052e+30
3.44000e-01 4.68699e+30
3.45000e-01 -5.79584e+30
3.46000e-01 7.16748e+30
3.47000e-01 -8.86428e+30
3.48000e-01 1.09635e+31
3.49000e-01 -1.35606e+31
3.50000e-01 1.67741e+31
3.51000e-01 -2.07504e+31
3.52000e-01 2.56710e+31
3.53000e-01 -3.17603e+31
3.54000e-01 3.92967e+31
3.55000e-01 -4.86244e+31
3.56000e-01 6.01700e+31
3.57000e-01 -7.44619e+31
3.58000e-01 9.21545e+31
3.59000e-01 -1.14058e+32
3.60000e-01 1.41177e+32
3.61000e-01 -1.74756e+32
3.62000e-01 2.16335e+32
3.63000e-01 -2.67824e+32
3.64000e-01 3.31590e+32
3.65000e-01 -4.10564e+32
3.66000e-01 5.08381e+32
3.67000e-01 -6.29545e+32
3.68000e-01 7.79636e+32
3.69000e-01 -9.65575e+32
3.70000e-01 1.19594e+33
3.71000e-01 -1.48136e+33
3.72000e-01 1.83502e+33
3.73000e-01 -2.27327e+33
3.74000e-01 2.81636e+33
3.75000e-01 -3.48944e+33
3.76000e-01 4.32367e+33
3.77000e-01 -5.35769e+33
3.78000e-01 6.63945e+33
3.79000e-01 -8.22841e+33
3.80000e-01 1.01983e+34
3.81000e-01 -1.26407e+34
3.82000e-01 1.56691e+34
3.83000e-01 -1.94242e+34
3.84000e-01 2.40810e+34
3.85000e-01 -2.98562e+34
3.86000e-01 3.70190e+34
3.87000e-01 -4.59033e+34
3.88000e-01 5.69236e+34
3.89000e-01 -7.05946e+34
3.90000e-01 8.75548e+34
3.91000e-01 -1.08597e+35
3.92000e-01 1.34706e+35
3.93000e-01 -1.67103e+35
3.94000e-01 2.07307e+35
3.95000e-01 -2.57201e+35
3.96000e-01 3.19125e+35
3.97000e-01 -3.95986e+35
3.98000e-01 4.91392e+35
3.99000e-01 -6.09828e+35
4.00000e-01 7.56863e+35
4.01000e-01 -9.39414e+35
4.02000e-01 1.16608e+36
4.03000e-01 -1.44753e+36
4.04000e-01 1.79705e+36
4.05000e-01 -2.23112e+36
4.06000e-01 2.77022e+36
4.07000e-01 -3.43984e+36
4.08000e-01 4.27162e+36
4.09000e-01 -5.30490e+36
4.10000e-01 6.58860e+36
4.11000e-01 -8.18352e+36
4.12000e-01 1.01652e+37
4.13000e-01 -1.26278e+37
4.14000e-01 1.56880e+37
4.15000e-01 -1.94911e+37
4.16000e-01 2.42180e+37
4.17000e-01 -3.00935e+37
4.18000e-01 3.73970e+37
4.19000e-01 -4.64764e+37
4.20000e-01 5.77643e+37
4.21000e-01 -7.17990e+37
4.22000e-01 8.92500e+37
4.23000e-01 -1.10951e+38
4.24000e-01 1.37938e+38
4.25000e-01 -1.71501e+38
4.26000e-01 2.13248e+38
4.27000e-01 -2.65175e+38
4.28000e-01 3.29771e+38
4.29000e-01 -4.10132e+38
4.30000e-01 5.10114e+38
4.31000e-01 -6.34515e+38
4.32000e-01 7.89313e+38
4.33000e-01 -9.81948e+38
4.34000e-01 1.22169e+39
4.35000e-01 -1.52007e+39
4.36000e-01 1.89147e+39
4.37000e-01 -2.35378e+39
4.38000e-01 2.92932e+39
4.39000e-01 -3.64585e+39
4.40000e-01 4.53799e+39
4.41000e-01 -5.64885e+39
4.42000e-01 7.03217e+39
4.43000e-01 -8.75489e+39
4.44000e-01 1.09005e+40
4.45000e-01 -1.35729e+40
4.46000e-01 1.69017e+40
4.47000e-01 -2.10486e+40
4.48000e-01 2.62149e+40
4.49000e-01 -3.26517e+40
4.50000e-01 4.06720e+40
4.51000e-01 -5.06663e+40
4.52000e-01 6.31211e+40
4.53000e-01 -7.86436e+40
4.54000e-01 9.79908e+40
4.55000e-01 -1.22107e+41
4.56000e-01 1.52170e+41
4.57000e-01 -1.89648e+41
4.58000e-01 2.36376e+41
4.59000e-01 -2.94639e+41
4.60000e-01 3.67291e+41
4.61000e-01 -4.57893e+41
4.62000e-01 5.70889e+41
4.63000e-01 -7.11823e+41
4.64000e-01 8.87617e+41
4.65000e-01 -1.10691e+42
4.66000e-01 1.38049e+42
4.67000e-01 -1.72182e+42
4.68000e-01 2.14771e+42
4.69000e-01 -2.67915e+42
4.70000e-01 3.34235e+42
4.71000e-01 -4.17005e+42
4.72000e-01 5.20312e+42
4.73000e-01 -6.49262e+42
4.74000e-01 8.10233e+42
4.75000e-01 -1.01119e+43
4.76000e-01 1.26210e+43
4.77000e-01 -1.57537e+43
4.78000e-01 1.96657e+43
4.79000e-01 -2.45510e+43
4.80000e-01 3.06523e+43
4.81000e-01 -3.82729e+43
4.82000e-01 4.77919e+43
4.83000e-01 -5.96830e+43
4.84000e-01 7.45386e+43
4.85000e-01 -9.30992e+43
4.86000e-01 1.16291e+44
4.87000e-01 -1.45271e+44
4.88000e-01 1.81488e+44
4.89000e-01 -2.26751e+44
4.90000e-01 2.83326e+44
4.91000e-01 -3.54044e+44
4.92000e-01 4.42449e+44
4.93000e-01 -5.52973e+44
4.94000e-01 6.91161e+44
4.95000e-01 -8.63951e+44
4.96000e-01 1.08002e+45
4.97000e-01 -1.35025e+45
4.98000e-01 1.68821e+45
4.99000e-01 -2.11094e+45
5.00000e-01 2.63973e+45
5.01000e-01 -3.30125e+45
5.02000e-01 4.12888e+45
5.03000e-01 -5.16441e+45
5.04000e-01 6.46018e+45
5.05000e-01 -8.08171e+45
5.06000e-01 1.01111e+46
5.07000e-01 -1.26510e+46
5.08000e-01 1.58303e+46
5.09000e-01 -1.98102e+46
5.10000e-01 2.47927e+46
5.11000e-01 -3.10308e+46
5.12000e-01 3.88417e+46
5.13000e-01 -4.86227e+46
5.14000e-01 6.08716e+46
5.15000e-01 -7.62125e+46
5.16000e-01 9.54273e+46
5.17000e-01 -1.19496e+47
5.18000e-01 1.49649e+47
5.19000e-01 -1.87424e+47
5.20000e-01 2.34755e+47
5.21000e-01 -2.94062e+47
5.22000e-01 3.68383e+47
5.23000e-01 -4.61525e+47
5.24000e-01 5.78265e+47
5.25000e-01 -7.24593e+47
5.26000e-01 9.08024e+47
5.27000e-01 -1.13798e+48
5.28000e-01 1.42630e+48
5.29000e-01 -1.78781e+48
5.30000e-01 2.24114e+48
5.31000e-01 -2.80965e+48
5.32000e-01 3.52266e+48
5.33000e-01 -4.41698e+48
5.34000e-01 5.53880e+48
5.35000e-01 -6.94613e+48
5.36000e-01 8.71176e+48
5.37000e-01 -1.09271e+49
5.38000e-01 1.37069e+49
5.39000e-01 -1.71954e+49
5.40000e-01 2.15735e+49
5.41000e-01 -2.70685e+49
5.42000e-01 3.39661e+49
5.43000e-01 -4.26248e+49
5.44000e-01 5.34954e+49
5.45000e-01 -6.71438e+49
5.46000e-01 8.42815e+49
5.47000e-01 -1.05802e+50
5.48000e-01 1.32829e+50
5.49000e-01 -1.66775e+50
5.50000e-01 2.09413e+50
5.51000e-01 -2.62974e+50
5.52000e-01 3.30262e+50
5.53000e-01 -4.14802e+50
5.54000e-01 5.21026e+50
5.55000e-01 -6.54509e+50
5.56000e-01 8.22258e+50
5.57000e-01 -1.03309e+51
5.58000e-01 1.29809e+51
5.59000e-01 -1.63120e+51
5.60000e-01 2.04997e+51
5.61000e-01 -2.57647e+51
5.62000e-01 3.23846e+51
5.63000e-01 -4.07089e+51
5.64000e-01 5.11774e+51
5.65000e-01 -6.43432e+51
5.66000e-01 8.09031e+51
5.67000e-01 -1.01734e+52
5.68000e-01 1.27938e+52
5.69000e-01 -1.60907e+52
5.70000e-01 2.02388e+52
5.71000e-01 -2.54585e+52
5.72000e-01 3.20271e+52
5.73000e-01 -4.02940e+52
5.74000e-01 5.06991e+52
5.75000e-01 -6.37966e+52
5.76000e-01 8.02846e+52
5.77000e-01 -1.01042e+53
5.78000e-01 1.27178e+53
5.79000e-01 -1.60088e+53
5.80000e-01 2.01532e+53
5.81000e-01 -2.53726e+53
5.82000e-01 3.19466e+53
5.83000e-01 -4.02274e+53
5.84000e-01 5.06589e+53
5.85000e-01 -6.38010e+53
5.86000e-01 8.03595e+53
5.87000e-01 -1.01224e+54
5.88000e-01 1.27517e+54
5.89000e-01 -1.60654e+54
5.90000e-01 2.02419e+54
5.91000e-01 -2.55064e+54
5.92000e-01 3.21430e+54
5.93000e-01 -4.05097e+54
5.94000e-01 5.10588e+54
5.95000e-01 -6.43606e+54
5.96000e-01 8.11348e+54
5.97000e-01 -1.02290e+55
5.98000e-01 1.28972e+55
5.99000e-01 -1.62628e+55
6.00000e-01 2.05086e+55
6.01000e-01 -2.58650e+55
6.02000e-01 3.26232e+55
6.03000e-01 -4.11510e+55
6.04000e-01 5.19124e+55
6.05000e-01 -6.54939e+55
6.06000e-01 8.26357e+55
6.07000e-01 -1.04273e+56
6.08000e-01 1.31588e+56
6.09000e-01 -1.66073e+56
6.10000e-01 2.09613e+56
6.11000e-01 -2.64592e+56
6.12000e-01 3.34021e+56
6.13000e-01 -4.21705e+56
6.14000e-01 5.32454e+56
6.15000e-01 -6.72347e+56
6.16000e-01 8.49069e+56
6.17000e-01 -1.07234e+57
6.18000e-01 1.35443e+57
6.19000e-01 -1.71089e+57
6.20000e-01 2.16136e+57
6.21000e-01 -2.73066e+57
6.22000e-01 3.45023e+57
6.23000e-01 -4.35981e+57
6.24000e-01 5.50966e+57
6.25000e-01 -6.96339e+57
6.26000e-01 8.80148e+57
6.27000e-01 -1.11257e+58
6.28000e-01 1.40650e+58
6.29000e-01 -1.77824e+58
6.30000e-01 2.24843e+58
6.31000e-01 -2.84320e+58
6.32000e-01 3.59562e+58
6.33000e-01 -4.54757e+58
6.34000e-01 5.75205e+58
6.35000e-01 -7.27622e+58
6.36000e-01 9.20507e+58
6.37000e-01 -1.16463e+59
6.38000e-01 1.47362e+59
6.39000e-01 -1.86476e+59
6.40000e-01 2.35994e+59
6.41000e-01 -2.98687e+59
6.42000e-01 3.78069e+59
6.43000e-01 -4.78590e+59
6.44000e-01 6.05893e+59
6.45000e-01 -7.67127e+59
6.46000e-01 9.71354e+59
6.47000e-01 -1.23006e+60
6.48000e-01 1.55781e+60
6.49000e-01 -1.97307e+60
6.50000e-01 2.49924e+60
6.51000e-01 -3.16602e+60
6.52000e-01 4.01105e+60
6.53000e-01 -5.08208e+60
6.54000e-01 6.43967e+60
6.55000e-01 -8.16066e+60
6.56000e-01 1.03425e+61
6.57000e-01 -1.31089e+61
6.58000e-01 1.66167e+61
6.59000e-01 -2.10651e+61
6.60000e-01 2.67068e+61
6.61000e-01 -3.38624e+61
6.62000e-01 4.29392e+61
6.63000e-01 -5.44539e+61
6.64000e-01 6.90627e+61
6.65000e-01 -8.75987e+61
6.66000e-01 1.11120e+62
6.67000e-01 -1.40969e+62
6.68000e-01 1.78853e+62
6.69000e-01 -2.26937e+62
6.70000e-01 2.87976e+62
6.71000e-01 -3.65466e+62
6.72000e-01 4.63848e+62
6.73000e-01 -5.88769e+62
6.74000e-01 7.47400e+62
6.75000e-01 -9.48857e+62
6.76000e-01 1.20472e+63
6.77000e-01 -1.52973e+63
6.78000e-01 1.94259e+63
6.79000e-01 -2.46710e+63
6.80000e-01 3.13351e+63
6.81000e-01 -3.98030e+63
6.82000e-01 5.05638e+63
6.83000e-01 -6.42397e+63
6.84000e-01 8.16219e+63
6.85000e-01 -1.03717e+64
6.86000e-01 1.31805e+64
6.87000e-01 -1.67515e+64
6.88000e-01 2.12920e+64
6.89000e-01 -2.70656e+64
6.90000e-01 3.44079e+64
6.91000e-01 -4.37461e+64
6.92000e-01 5.56237e+64
6.93000e-01 -7.07327e+64
6.94000e-01 8.99539e+64
6.95000e-01 -1.14409e+65
6.96000e-01 1.45525e+65
6.97000e-01 -1.85122e+65
6.98000e-01 2.35514e+65
6.99000e-01 -2.99651e+65
7.00000e-01 3.81288e+65
7.01000e-01 -4.85212e+65
7.02000e-01 6.17518e+65
7.03000e-01 -7.85973e+65
7.04000e-01 1.00047e+66
7.05000e-01 -1.27363e+66
7.06000e-01 1.62151e+66
7.07000e-01 -2.06461e+66
7.08000e-01 2.62902e+66
7.09000e-01 -3.34805e+66
7.10000e-01 4.26411e+66
7.11000e-01 -5.43131e+66
7.12000e-01 6.91865e+66
7.13000e-01 -8.81411e+66
7.14000e-01 1.12299e+67
7.15000e-01 -1.43091e+67
7.16000e-01 1.82343e+67
7.17000e-01 -2.32383e+67
7.18000e-01 2.96184e+67
7.19000e-01 -3.77535e+67
7.20000e-01 4.81276e+67
7.21000e-01 -6.13579e+67
7.22000e-01 7.82324e+67
7.23000e-01 -9.97570e+67
7.24000e-01 1.27215e+68
7.25000e-01 -1.62247e+68
7.26000e-01 2.06944e+68
7.27000e-01 -2.63979e+68
7.28000e-01 3.36765e+68
7.29000e-01 -4.29659e+68
7.30000e-01 5.48227e+68
7.31000e-01 -6.99581e+68
7.32000e-01 8.92802e+68
7.33000e-01 -1.13949e+69
7.34000e-01 1.45449e+69
7.35000e-01 -1.85672e+69
7.36000e-01 2.37042e+69
7.37000e-01 -3.02652e+69
7.38000e-01 3.86457e+69
7.39000e-01 -4.93514e+69
7.40000e-01 6.30286e+69
7.41000e-01 -8.05038e+69
7.42000e-01 1.02834e+70
7.43000e-01 -1.31369e+70
7.44000e-01 1.67839e+70
7.45000e-01 -2.14453e+70
7.46000e-01 2.74039e+70
7.47000e-01 -3.50213e+70
7.48000e-01 4.47603e+70
7.49000e-01 -5.72128e+70
7.50000e-01 7.31364e+70
7.51000e-01 -9.35006e+70
7.52000e-01 1.19546e+71
7.53000e-01 -1.52861e+71
7.54000e-01 1.95478e+71
7.55000e-01 -2.50000e+71
7.56000e-01 3.19759e+71
7.57000e-01 -4.09021e+71
7.58000e-01 5.23249e+71
7.59000e-01 -6.69440e+71
7.60000e-01 8.56554e+71
7.61000e-01 -1.09607e+72
7.62000e-01 1.40269e+72
7.63000e-01 -1.79526e+72
7.64000e-01 2.29790e+72
7.65000e-01 -2.94156e+72
7.66000e-01 3.76584e+72
7.67000e-01 -4.82157e+72
7.68000e-01 6.17382e+72
7.69000e-01 -7.90607e+72
7.70000e-01 1.01253e+73
7.71000e-01 -1.29687e+73
7.72000e-01 1.66120e+73
7.73000e-01 -2.12809e+73
7.74000e-01 2.72646e+73
7.75000e-01 -3.49339e+73
7.76000e-01 4.47648e+73
7.77000e-01 -5.73675e+73
7.78000e-01 7.35251e+73
7.79000e-01 -9.42423e+73
7.80000e-01 1.20808e+74
7.81000e-01 -1.54877e+74
7.82000e-01 1.98573e+74
7.83000e-01 -2.54619e+74
7.84000e-01 3.26515e+74
7.85000e-01 -4.18751e+74
7.86000e-01 5.37093e+74
7.87000e-01 -6.88942e+74
7.88000e-01 8.83806e+74
7.89000e-01 -1.13389e+75
7.90000e-01 1.45488e+75
7.91000e-01 -1.86690e+75
7.92000e-01 2.39584e+75
7.93000e-01 -3.07492e+75
7.94000e-01 3.94684e+75
7.95000e-01 -5.06649e+75
7.96000e-01 6.50436e+75
7.97000e-01 -8.35108e+75
7.98000e-01 1.07231e+76
7.99000e-01 -1.37702e+76
8.00000e-01 1.76848e+76
8.01000e-01 -2.27143e+76
8.02000e-01 2.91769e+76
8.03000e-01 -3.74817e+76
8.04000e-01 4.81549e+76
8.05000e-01 -6.18732e+76
8.06000e-01 7.95068e+76
8.07000e-01 -1.02176e+77
8.08000e-01 1.31320e+77
8.09000e-01 -1.68793e+77
8.10000e-01 2.16979e+77
8.11000e-01 -2.78947e+77
8.12000e-01 3.58646e+77
8.13000e-01 -4.61160e+77
8.14000e-01 5.93031e+77
8.15000e-01 -7.62683e+77
8.16000e-01 9.80958e+77
8.17000e-01 -1.26182e+78
8.18000e-01 1.62325e+78
8.19000e-01 -2.08840e+78
8.20000e-01 2.68709e+78
8.21000e-01 -3.45773e+78
8.22000e-01 4.44980e+78
8.23000e-01 -5.72705e+78
8.24000e-01 7.37159e+78
8.25000e-01 -9.48925e+78
8.26000e-01 1.22164e+79
8.27000e-01 -1.57288e+79
8.28000e-01 2.02529e+79
8.29000e-01 -2.60808e+79
8.30000e-01 3.35887e+79
8.31000e-01 -4.32621e+79
8.32000e-01 5.57265e+79
8.33000e-01 -7.17887e+79
8.34000e-01 9.24892e+79
8.35000e-01 -1.19170e+80
8.36000e-01 1.53562e+80
8.37000e-01 -1.97897e+80
8.38000e-01 2.55056e+80
8.39000e-01 -3.28756e+80
8.40000e-01 4.23790e+80
8.41000e-01 -5.46348e+80
8.42000e-01 7.04414e+80
8.43000e-01 -9.08295e+80
8.44000e-01 1.17130e+81
8.45000e-01 -1.51059e+81
8.46000e-01 1.94835e+81
8.47000e-01 -2.51321e+81
8.48000e-01 3.24212e+81
8.49000e-01 -4.18284e+81
8.50000e-01 5.39701e+81
8.51000e-01 -6.96427e+81
8.52000e-01 8.98749e+81
8.53000e-01 -1.15996e+82
8.54000e-01 1.49722e+82
8.55000e-01 -1.93272e+82
8.56000e-01 2.49514e+82
8.57000e-01 -3.22151e+82
8.58000e-01 4.15973e+82
8.59000e-01 -5.37169e+82
8.60000e-01 6.93741e+82
8.61000e-01 -8.96032e+82
8.62000e-01 1.15742e+83
8.63000e-01 -1.49520e+83
8.64000e-01 1.93173e+83
8.65000e-01 -2.49594e+83
8.66000e-01 3.22524e+83
8.67000e-01 -4.16803e+83
8.68000e-01 5.38692e+83
8.69000e-01 -6.96290e+83
8.70000e-01 9.00078e+83
8.71000e-01 -1.16362e+84
8.72000e-01 1.50446e+84
8.73000e-01 -1.94532e+84
8.74000e-01 2.51561e+84
8.75000e-01 -3.25338e+84
8.76000e-01 4.20791e+84
8.77000e-01 -5.44301e+84
8.78000e-01 7.04128e+84
8.79000e-01 -9.10971e+84
8.80000e-01 1.17868e+85
8.81000e-01 -1.52522e+85
8.82000e-01 1.97381e+85
8.83000e-01 -2.55458e+85
8.84000e-01 3.30654e+85
8.85000e-01 -4.28024e+85
8.86000e-01 5.54119e+85
8.87000e-01 -7.17428e+85
8.88000e-01 9.28953e+85
8.89000e-01 -1.20296e+86
8.90000e-01 1.55792e+86
8.91000e-01 -2.01782e+86
8.92000e-01 2.61371e+86
8.93000e-01 -3.38591e+86
8.94000e-01 4.38664e+86
8.95000e-01 -5.68367e+86
8.96000e-01 7.36489e+86
8.97000e-01 -9.54429e+86
8.98000e-01 1.23698e+87
8.99000e-01 -1.60332e+87
9.00000e-01 2.07835e+87
9.01000e-01 -2.69436e+87
9.02000e-01 3.49329e+87
9.03000e-01 -4.52953e+87
9.04000e-01 5.87370e+87
9.05000e-01 -7.61748e+87
9.06000e-01 9.87985e+87
9.07000e-01 -1.28153e+88
9.08000e-01 1.66245e+88
9.09000e-01 -2.15679e+88
9.10000e-01 2.79839e+88
9.11000e-01 -3.63118e+88
9.12000e-01 4.71224e+88
9.13000e-01 -6.11572e+88
9.14000e-01 7.93794e+88
9.15000e-01 -1.03041e+89
9.16000e-01 1.33767e+89
9.17000e-01 -1.73671e+89
9.18000e-01 2.25501e+89
9.19000e-01 -2.92826e+89
9.20000e-01 3.80285e+89
9.21000e-01 -4.93913e+89
9.22000e-01 6.41550e+89
9.23000e-01 -8.33396e+89
9.24000e-01 1.08271e+90
9.25000e-01 -1.40674e+90
9.26000e-01 1.82790e+90
9.27000e-01 -2.37538e+90
9.28000e-01 3.08712e+90
9.29000e-01 -4.01249e+90
9.30000e-01 5.21573e+90
9.31000e-01 -6.78040e+90
9.32000e-01 8.81527e+90
9.33000e-01 -1.14619e+91
9.34000e-01 1.49045e+91
9.35000e-01 -1.93828e+91
9.36000e-01 2.52090e+91
9.37000e-01 -3.27896e+91
9.38000e-01 4.26536e+91
9.39000e-01 -5.54901e+91
9.40000e-01 7.21963e+91
9.41000e-01 -9.39408e+91
9.42000e-01 1.22246e+92
9.43000e-01 -1.59094e+92
9.44000e-01 2.07067e+92
9.45000e-01 -2.69532e+92
9.46000e-01 3.50872e+92
9.47000e-01 -4.56801e+92
9.48000e-01 5.94765e+92
9.49000e-01 -7.74468e+92
9.50000e-01 1.00856e+93
9.51000e-01 -1.31353e+93
9.52000e-01 1.71087e+93
9.53000e-01 -2.22860e+93
9.54000e-01 2.90329e+93
9.55000e-01 -3.78256e+93
9.56000e-01 4.92859e+93
9.57000e-01 -6.42241e+93
9.58000e-01 8.36977e+93
9.59000e-01 -1.09086e+94
9.60000e-01 1.42188e+94
9.61000e-01 -1.85353e+94
9.62000e-01 2.41642e+94
9.63000e-01 -3.15055e+94
9.64000e-01 4.10809e+94
9.65000e-01 -5.35714e+94
9.66000e-01 6.98660e+94
9.67000e-01 -9.11252e+94
9.68000e-01 1.18864e+95
9.69000e-01 -1.55061e+95
9.70000e-01 2.02299e+95
9.71000e-01 -2.63951e+95
9.72000e-01 3.44424e+95
9.73000e-01 -4.49473e+95
9.74000e-01 5.86614e+95
9.75000e-01 -7.65669e+95
9.76000e-01 9.99469e+95
9.77000e-01 -1.30478e+96
9.78000e-01 1.70351e+96
9.79000e-01 -2.22429e+96
9.80000e-01 2.90454e+96
9.81000e-01 -3.79317e+96
9.82000e-01 4.95413e+96
9.83000e-01 -6.47100e+96
9.84000e-01 8.45309e+96
9.85000e-01 -1.10433e+97
9.86000e-01 1.44285e+97
9.87000e-01 -1.88531e+97
9.88000e-01 2.46368e+97
9.89000e-01 -3.21977e+97
9.90000e-01 4.20828e+97
9.91000e-01 -5.50078e+97
9.92000e-01 7.19089e+97
9.93000e-01 -9.40114e+97
9.94000e-01 1.22919e+98
9.95000e-01 -1.60729e+98
9.96000e-01 2.10189e+98
9.97000e-01 -2.74894e+98
9.98000e-01 3.59549e+98
9.99000e-01 -4.70318e+98
1.00000e+00 6.15268e+98
1.00100e+00 -8.04964e+98
1.00200e+00 1.05324e+99
1.00300e+00 -1.37822e+99
1.00400e+00 1.80363e+99
1.00500e+00 -2.36056e+99
1.00600e+00 3.08974e+99
1.00700e+00 -4.04454e+99
1.00800e+00 5.29486e+99
1.00900e+00 -6.93234e+99
1.01000e+00 9.07703e+99
1.01100e+00 -1.18863e+100
1.01200e+00 1.55664e+100
1.01300e+00 -2.03878e+100
1.01400e+00 2.67048e+100
1.01500e+00 -3.49823e+100
1.01600e+00 4.58297e+100
1.01700e+00 -6.00460e+100
1.01800e+00 7.86792e+100
1.01900e+00 -1.03104e+101
1.02000e+00 1.35123e+101
1.02100e+00 -1.77101e+101
1.02200e+00 2.32142e+101
1.02300e+00 -3.04316e+101
1.02400e+00 3.98964e+101
1.02500e+00 -5.23097e+101
1.02600e+00 6.85914e+101
1.02700e+00 -8.99488e+101
1.02800e+00 1.17967e+102
1.02900e+00 -1.54726e+102
1.03000e+00 2.02958e+102
1.03100e+00 -2.66249e+102
1.03200e+00 3.49308e+102
1.03300e+00 -4.58318e+102
1.03400e+00 6.01402e+102
1.03500e+00 -7.89226e+102
1.03600e+00 1.03580e+103
1.03700e+00 -1.35953e+103
1.03800e+00 1.78461e+103
1.03900e+00 -2.34279e+103
1.04000e+00 3.07584e+103
1.04100e+00 -4.03861e+103
1.04200e+00 5.30321e+103
1.04300e+00 -6.96442e+103
1.04400e+00 9.14680e+103
1.04500e+00 -1.20141e+104
1.04600e+00 1.57817e+104
1.04700e+00 -2.07326e+104
1.04800e+00 2.72390e+104
1.04900e+00 -3.57906e+104
1.05000e+00 4.70310e+104
1.05100e+00 -6.18071e+104
1.05200e+00 8.12327e+104
1.05300e+00 -1.06773e+105
1.05400e+00 1.40356e+105
1.05500e+00 -1.84518e+105
1.05600e+00 2.42597e+105
1.05700e+00 -3.18985e+105
1.05800e+00 4.19463e+105
1.05900e+00 -5.51639e+105
1.06000e+00 7.25529e+105
1.06100e+00 -9.54317e+105
1.06200e+00 1.25536e+106
1.06300e+00 -1.65152e+106
1.06400e+00 2.17289e+106
1.06500e+00 -2.85909e+106
1.06600e+00 3.76234e+106
1.06700e+00 -4.95137e+106
1.06800e+00 6.51676e+106
1.06900e+00 -8.57780e+106
1.07000e+00 1.12917e+107
1.07100e+00 -1.48655e+107
1.07200e+00 1.95721e+107
1.07300e+00 -2.57712e+107
1.07400e+00 3.39367e+107
1.07500e+00 -4.46934e+107
1.07600e+00 5.88647e+107
1.07700e+00 -7.75361e+107
1.07800e+00 1.02139e+108
1.07900e+00 -1.34560e+108
1.08000e+00 1.77289e+108
1.08100e+00 -2.33605e+108
1.08200e+00 3.07838e+108
1.08300e+00 -4.05695e+108
1.08400e+00 5.34706e+108
1.08500e+00 -7.04804e+108
1.08600e+00 9.29094e+108
1.08700e+00 -1.22487e+109
1.08800e+00 1.61494e+109
1.08900e+00 -2.12942e+109
1.09000e+00 2.80805e+109
1.09100e+00 -3.70327e+109
1.09200e+00 4.88432e+109
1.09300e+00 -6.44260e+109
1.09400e+00 8.49875e+109
1.09500e+00 -1.12121e+110
1.09600e+00 1.47930e+110
1.09700e+00 -1.95193e+110
1.09800e+00 2.57579e+110
1.09900e+00 -3.39933e+110
1.10000e+00 4.48657e+110
1.10100e+00 -5.92206e+110
1.10200e+00 7.81752e+110
1.10300e+00 -1.03205e+111
1.10400e+00 1.36262e+111
1.10500e+00 -1.79922e+111
1.10600e+00 2.37591e+111
1.10700e+00 -3.13772e+111
1.10800e+00 4.14415e+111
1.10900e+00 -5.47388e+111
1.11000e+00 7.23090e+111
1.11100e+00 -9.55271e+111
1.11200e+00 1.26211e+112
1.11300e+00 -1.66766e+112
1.11400e+00 2.20371e+112
1.11500e+00 -2.91232e+112
1.11600e+00 3.84911e+112
1.11700e+00 -5.08768e+112
1.11800e+00 6.72537e+112
1.11900e+00 -8.89099e+112
1.12000e+00 1.17550e+113
1.12100e+00 -1.55428e+113
1.12200e+00 2.05530e+113
1.12300e+00 -2.71806e+113
1.12400e+00 3.59484e+113
1.12500e+00 -4.75486e+113
1.12600e+00 6.28974e+113
1.12700e+00 -8.32079e+113
1.12800e+00 1.10086e+114
1.12900e+00 -1.45660e+114
1.13000e+00 1.92746e+114
1.13100e+00 -2.55074e+114
1.13200e+00 3.37585e+114
1.13300e+00 -4.46826e+114
1.13400e+00 5.91468e+114
1.13500e+00 -7.82998e+114
1.13600e+00 1.03664e+115
1.13700e+00 -1.37256e+115
1.13800e+00 1.81749e+115
1.13900e+00 -2.40685e+115
1.14000e+00 3.18760e+115
1.14100e+00 -4.22197e+115
1.14200e+00 5.59247e+115
1.14300e+00 -7.40847e+115
1.14400e+00 9.81502e+115
1.14500e+00 -1.30044e+116
1.14600e+00 1.72316e+116
1.14700e+00 -2.28349e+116
1.14800e+00 3.02628e+116
1.14900e+00 -4.01103e+116
1.15000e+00 5.31667e+116
1.15100e+00 -7.04790e+116
1.15200e+00 9.34366e+116
1.15300e+00 -1.23883e+117
1.15400e+00 1.64264e+117
1.15500e+00 -2.17826e+117
1.15600e+00 2.88877e+117
1.15700e+00 -3.83136e+117
1.15800e+00 5.08195e+117
1.15900e+00 -6.74132e+117
1.16000e+00 8.94325e+117
1.16100e+00 -1.18654e+118
1.16200e+00 1.57437e+118
1.16300e+00 -2.08914e+118
1.16400e+00 2.77245e+118
1.16500e+00 -3.67957e+118
1.16600e+00 4.88390e+118
1.16700e+00 -6.48296e+118
1.16800e+00 8.60629e+118
1.16900e+00 -1.14260e+119
1.17000e+00 1.51709e+119
1.17100e+00 -2.01448e+119
1.17200e+00 2.67517e+119
1.17300e+00 -3.55285e+119
1.17400e+00 4.71887e+119
1.17500e+00 -6.26810e+119
1.17600e+00 8.32664e+119
1.17700e+00 -1.10622e+120
1.17800e+00 1.46976e+120
1.17900e+00 -1.95294e+120
1.18000e+00 2.59519e+120
1.18100e+00 -3.44893e+120
1.18200e+00 4.58390e+120
1.18300e+00 -6.09288e+120
1.18400e+00 8.09929e+120
1.18500e+00 -1.07673e+121
1.18600e+00 1.43154e+121
1.18700e+00 -1.90342e+121
1.18800e+00 2.53106e+121
1.18900e+00 -3.36595e+121
1.19000e+00 4.47660e+121
1.19100e+00 -5.95421e+121
1.19200e+00 7.92021e+121
1.19300e+00 -1.05362e+122
1.19400e+00 1.40175e+122
1.19500e+00 -1.86505e+122
1.19600e+00 2.48168e+122
1.19700e+00 -3.30247e+122
1.19800e+00 4.39508e+122
1.19900e+00 -5.84966e+122
1.20000e+00 7.78628e+122
1.20100e+00 -1.03649e+123
1.20200e+00 1.37987e+123
1.20300e+00 -1.83715e+123
1.20400e+00 2.44617e+123
1.20500e+00 -3.25736e+123
1.20600e+00 4.33791e+123
1.20700e+00 -5.77738e+123
1.20800e+00 7.69514e+123
1.20900e+00 -1.02503e+124
1.21000e+00 1.36551e+124
1.21100e+00 -1.81923e+124
1.21200e+00 2.42391e+124
1.21300e+00 -3.22984e+124
1.21400e+00 4.30408e+124
1.21500e+00 -5.73608e+124
1.21600e+00 7.64515e+124
1.21700e+00 -1.01904e+125
1.21800e+00 1.35842e+125
1.21900e+00 -1.81097e+125
1.22000e+00 2.41448e+125
1.22100e+00 -3.21937e+125
1.22200e+00 4.29294e+125
1.22300e+00 -5.72498e+125
1.22400e+00 7.63533e+125
1.22500e+00 -1.01840e+126
1.22600e+00 1.35845e+126
1.22700e+00 -1.81218e+126
1.22800e+00 2.41767e+126
1.22900e+00 -3.22573e+126
1.23000e+00 4.30422e+126
1.23100e+00 -5.74375e+126
1.23200e+00 7.66535e+126
1.23300e+00 -1.02307e+127
1.23400e+00 1.36556e+127
1.23500e+00 -1.82286e+127
1.23600e+00 2.43349e+127
1.23700e+00 -3.24894e+127
1.23800e+00 4.33799e+127
1.23900e+00 -5.79257e+127
1.24000e+00 7.73550e+127
1.24100e+00 -1.03310e+128
1.24200e+00 1.37984e+128
1.24300e+00 -1.84311e+128
1.24400e+00 2.46211e+128
1.24500e+00 -3.28927e+128
1.24600e+00 4.39468e+128
1.24700e+00 -5.87204e+128
1.24800e+00 7.84669e+128
1.24900e+00 -1.04862e+129
1.25000e+00 1.40147e+129
1.25100e+00 -1.87321e+129
1.25200e+00 2.50393e+129
1.25300e+00 -3.34729e+129
1.25400e+00 4.47506e+129
1.25500e+00 -5.98329e+129
1.25600e+00 8.00046e+129
1.25700e+00 -1.06985e+130
1.25800e+00 1.43077e+130
1.25900e+00 -1.91359e+130
1.26000e+00 2.55954e+130
1.26100e+00 -3.42382e+130
1.26200e+00 4.58030e+130
1.26300e+00 -6.12790e+130
1.26400e+00 8.19906e+130
1.26500e+00 -1.09711e+131
1.26600e+00 1.46815e+131
1.26700e+00 -1.96484e+131
1.26800e+00 2.62977e+131
1.26900e+00 -3.52000e+131
1.27000e+00 4.71196e+131
1.27100e+00 -6.30804e+131
1.27200e+00 8.44545e+131
1.27300e+00 -1.13080e+132
1.27400e+00 1.51419e+132
1.27500e+00 -2.02774e+132
1.27600e+00 2.71567e+132
1.27700e+00 -3.63728e+132
1.27800e+00 4.87203e+132
1.27900e+00 -6.52647e+132
1.28000e+00 8.74340e+132
1.28100e+00 -1.17143e+133
1.28200e+00 1.56959e+133
1.28300e+00 -2.10325e+133
1.28400e+00 2.81858e+133
1.28500e+00 -3.77749e+133
1.28600e+00 5.06302e+133
1.28700e+00 -6.78658e+133
1.28800e+00 9.09758e+133
1.28900e+00 -1.21965e+134
1.29000e+00 1.63523e+134
1.29100e+00 -2.19258e+134
1.29200e+00 2.94013e+134
1.29300e+00 -3.94286e+134
1.29400e+00 5.28798e+134
1.29500e+00 -7.09255e+134
1.29600e+00 9.51369e+134
1.29700e+00 -1.27623e+135
1.29800e+00 1.71216e+135
1.29900e+00 -2.29716e+135
1.30000e+00 3.08229e+135
1.30100e+00 -4.13609e+135
1.30200e+00 5.55059e+135
1.30300e+00 -7.44941e+135
1.30400e+00 9.99859e+135
1.30500e+00 -1.34211e+136
1.30600e+00 1.80166e+136
1.30700e+00 -2.41875e+136
1.30800e+00 3.24745e+136
1.30900e+00 -4.36042e+136
1.31000e+00 5.85526e+136
1.31100e+00 -7.86319e+136
1.31200e+00 1.05605e+137
1.31300e+00 -1.41842e+137
1.31400e+00 1.90527e+137
1.31500e+00 -2.55942e+137
1.31600e+00 3.43844e+137
1.31700e+00 -4.61971e+137
1.31800e+00 6.20728e+137
1.31900e+00 -8.34106e+137
1.32000e+00 1.12092e+138
1.32100e+00 -1.50647e+138
1.32200e+00 2.02479e+138
1.32300e+00 -2.72166e+138
1.32400e+00 3.65865e+138
1.32500e+00 -4.91858e+138
1.32600e+00 6.61291e+138
1.32700e+00 -8.89158e+138
1.32800e+00 1.19563e+139
1.32900e+00 -1.60787e+139
1.33000e+00 2.16240e+139
1.33100e+00 -2.90841e+139
1.33200e+00 3.91207e+139
1.33300e+00 -5.26250e+139
1.33400e+00 7.07962e+139
1.33500e+00 -9.52491e+139
1.33600e+00 1.28158e+140
1.33700e+00 -1.72449e+140
1.33800e+00 2.32066e+140
1.33900e+00 -3.12316e+140
1.34000e+00 4.20350e+140
1.34100e+00 -5.65796e+140
1.34200e+00 7.61625e+140
1.34300e+00 -1.02531e+141
1.34400e+00 1.38039e+141
1.34500e+00 -1.85859e+141
1.34600e+00 2.50263e+141
1.34700e+00 -3.37010e+141
1.34800e+00 4.53859e+141
1.34900e+00 -6.11269e+141
1.35000e+00 8.23334e+141
1.35100e+00 -1.10905e+142
1.35200e+00 1.49404e+142
1.35300e+00 -2.01282e+142
1.35400e+00 2.71193e+142
1.35500e+00 -3.65415e+142
1.35600e+00 4.92409e+142
1.35700e+00 -6.63588e+142
1.35800e+00 8.94342e+142
1.35900e+00 -1.20543e+143
1.36000e+00 1.62484e+143
1.36100e+00 -2.19035e+143
1.36200e+00 2.95290e+143
1.36300e+00 -3.98121e+143
1.36400e+00 5.36803e+143
1.36500e+00 -7.23848e+143
1.36600e+00 9.76140e+143
1.36700e+00 -1.31646e+144
1.36800e+00 1.77557e+144
1.36900e+00 -2.39497e+144
1.37000e+00 3.23067e+144
1.37100e+00 -4.35832e+144
1.37200e+00 5.88000e+144
1.37300e+00 -7.93356e+144
1.37400e+00 1.07051e+145
1.37500e+00 -1.44459e+145
1.37600e+00 1.94954e+145
1.37700e+00 -2.63119e+145
1.37800e+00 3.55143e+145
1.37900e+00 -4.79387e+145
1.38000e+00 6.47145e+145
1.38100e+00 -8.73673e+145
1.38200e+00 1.17958e+146
1.38300e+00 -1.59272e+146
1.38400e+00 2.15072e+146
1.38500e+00 -2.90442e+146
1.38600e+00 3.92253e+146
1.38700e+00 -5.29792e+146
1.38800e+00 7.15610e+146
1.38900e+00 -9.66672e+146
1.39000e+00 1.30591e+147
1.39100e+00 -1.76433e+147
1.39200e+00 2.38385e+147
1.39300e+00 -3.22114e+147
1.39400e+00 4.35283e+147
1.39500e+00 -5.88254e+147
1.39600e+00 7.95043e+147
1.39700e+00 -1.07460e+148
1.39800e+00 1.45257e+148
1.39900e+00 -1.96362e+148
1.40000e+00 2.65466e+148
1.40100e+00 -3.58916e+148
1.40200e+00 4.85298e+148
1.40300e+00 -6.56228e+148
1.40400e+00 8.87429e+148
1.40500e+00 -1.20017e+149
1.40600e+00 1.62325e+149
1.40700e+00 -2.19562e+149
1.40800e+00 2.97004e+149
1.40900e+00 -4.01789e+149
1.41000e+00 5.43582e+149
1.41100e+00 -7.35467e+149
1.41200e+00 9.95161e+149
1.41300e+00 -1.34665e+150
1.41400e+00 1.82241e+150
1.41500e+00 -2.46644e+150
1.41600e+00 3.33831e+150
1.41700e+00 -4.51869e+150
1.41800e+00 6.11689e+150
1.41900e+00 -8.28093e+150
1.42000e+00 1.12114e+151
1.42100e+00 -1.51800e+151
1.42200e+00 2.05548e+151
1.42300e+00 -2.78347e+151
1.42400e+00 3.76957e+151
1.42500e+00 -5.10537e+151
1.42600e+00 6.91502e+151
1.42700e+00 -9.36681e+151
1.42800e+00 1.26888e+152
1.42900e+00 -1.71902e+152
1.43000e+00 2.32901e+152
1.43100e+00 -3.15568e+152
1.43200e+00 4.27608e+152
1.43300e+00 -5.79468e+152
1.43400e+00 7.85314e+152
1.43500e+00 -1.06436e+153
1.43600e+00 1.44266e+153
1.43700e+00 -1.95556e+153
1.43800e+00 2.65100e+153
1.43900e+00 -3.59400e+153
1.44000e+00 4.87279e+153
1.44100e+00 -6.60706e+153
1.44200e+00 8.95919e+153
1.44300e+00 -1.21496e+154
1.44400e+00 1.64772e+154
1.44500e+00 -2.23478e+154
1.44600e+00 3.03123e+154
1.44700e+00 -4.11181e+154
1.44800e+00 5.57798e+154
1.44900e+00 -7.56750e+154
1.45000e+00 1.02673e+155
1.45100e+00 -1.39314e+155
1.45200e+00 1.89043e+155
1.45300e+00 -2.56542e+155
1.45400e+00 3.48166e+155
1.45500e+00 -4.72546e+155
1.45600e+00 6.41405e+155
1.45700e+00 -8.70666e+155
1.45800e+00 1.18195e+156
1.45900e+00 -1.60465e+156
1.46000e+00 2.17866e+156
1.46100e+00 -2.95822e+156
1.46200e+00 4.01699e+156
1.46300e+00 -5.45508e+156
1.46400e+00 7.40854e+156
1.46500e+00 -1.00622e+157
1.46600e+00 1.36674e+157
1.46700e+00 -1.85655e+157
1.46800e+00 2.52208e+157
1.46900e+00 -3.42641e+157
1.47000e+00 4.65534e+157
1.47100e+00 -6.32548e+157
1.47200e+00 8.59540e+157
1.47300e+00 -1.16807e+158
1.47400e+00 1.58745e+158
1.47500e+00 -2.15756e+158
1.47600e+00 2.93261e+158
1.47700e+00 -3.98636e+158
1.47800e+00 5.41911e+158
1.47900e+00 -7.36733e+158
1.48000e+00 1.00166e+159
1.48100e+00 -1.36196e+159
1.48200e+00 1.85197e+159
1.48300e+00 -2.51847e+159
1.48400e+00 3.42505e+159
1.48500e+00 -4.65830e+159
1.48600e+00 6.33605e+159
1.48700e+00 -8.61864e+159
1.48800e+00 1.17244e+160
1.48900e+00 -1.59503e+160
1.49000e+00 2.17009e+160
1.49100e+00 -2.95268e+160
1.49200e+00 4.01778e+160
1.49300e+00 -5.46744e+160
1.49400e+00 7.44067e+160
1.49500e+00 -1.01267e+161
1.49600e+00 1.37834e+161
1.49700e+00 -1.87617e+161
1.49800e+00 2.55399e+161
1.49900e+00 -3.47691e+161
1.50000e+00 4.73368e+161
1.50100e+00 -6.44515e+161
1.50200e+00 8.77601e+161
1.50300e+00 -1.19506e+162
1.50400e+00 1.62747e+162
1.50500e+00 -2.21648e+162
1.50600e+00 3.01888e+162
1.50700e+00 -4.11203e+162
1.50800e+00 5.60139e+162
1.50900e+00 -7.63070e+162
1.51000e+00 1.03959e+163
1.51100e+00 -1.41641e+163
1.51200e+00 1.92995e+163
1.51300e+00 -2.62986e+163
1.51400e+00 3.58383e+163
1.51500e+00 -4.88418e+163
1.51600e+00 6.65679e+163
1.51700e+00 -9.07334e+163
1.51800e+00 1.23680e+164
1.51900e+00 -1.68600e+164
1.52000e+00 2.29852e+164
1.52100e+00 -3.13377e+164
1.52200e+00 4.27281e+164
1.52300e+00 -5.82627e+164
1.52400e+00 7.94503e+164
1.52500e+00 -1.08350e+165
1.52600e+00 1.47772e+165
1.52700e+00 -2.01551e+165
1.52800e+00 2.74919e+165
1.52900e+00 -3.75021e+165
1.53000e+00 5.11603e+165
1.53100e+00 -6.97976e+165
1.53200e+00 9.52306e+165
1.53300e+00 -1.29940e+166
1.53400e+00 1.77311e+166
1.53500e+00 -2.41967e+166
1.53600e+00 3.30223e+166
1.53700e+00 -4.50699e+166
1.53800e+00 6.15170e+166
1.53900e+00 -8.39715e+166
1.54000e+00 1.14630e+167
1.54100e+00 -1.56492e+167
1.54200e+00 2.13655e+167
1.54300e+00 -2.91719e+167
1.54400e+00 3.98331e+167
1.54500e+00 -5.43941e+167
1.54600e+00 7.42827e+167
1.54700e+00 -1.01450e+168
1.54800e+00 1.38563e+168
1.54900e+00 -1.89264e+168
1.55000e+00 2.58534e+168
1.55100e+00 -3.53180e+168
1.55200e+00 4.82506e+168
1.55300e+00 -6.59231e+168
1.55400e+00 9.00743e+168
1.55500e+00 -1.23081e+169
1.55600e+00 1.68195e+169
1.55700e+00 -2.29858e+169
1.55800e+00 3.14150e+169
1.55900e+00 -4.29379e+169
1.56000e+00 5.86913e+169
1.56100e+00 -8.02295e+169
1.56200e+00 1.09679e+170
1.56300e+00 -1.49948e+170
1.56400e+00 2.05015e+170
1.56500e+00 -2.80323e+170
1.56600e+00 3.83318e+170
1.56700e+00 -5.24190e+170
1.56800e+00 7.16879e+170
1.56900e+00 -9.80462e+170
1.57000e+00 1.34105e+171
1.57100e+00 -1.83436e+171
1.57200e+00 2.50931e+171
1.57300e+00 -3.43282e+171
1.57400e+00 4.69651e+171
1.57500e+00 -6.42580e+171
1.57600e+00 8.79241e+171
1.57700e+00 -1.20314e+172
1.57800e+00 1.64646e+172
1.57900e+00 -2.25328e+172
1.58000e+00 3.08395e+172
1.58100e+00 -4.22110e+172
1.58200e+00 5.77794e+172
1.58300e+00 -7.90947e+172
1.58400e+00 1.08280e+173
1.58500e+00 -1.48245e+173
1.58600e+00 2.02972e+173
1.58700e+00 -2.77921e+173
1.58800e+00 3.80570e+173
1.58900e+00 -5.21164e+173
1.59000e+00 7.13743e+173
1.59100e+00 -9.77545e+173
1.59200e+00 1.33894e+174
1.59300e+00 -1.83404e+174
1.59400e+00 2.51239e+174
1.59500e+00 -3.44185e+174
1.59600e+00 4.71546e+174
1.59700e+00 -6.46077e+174
1.59800e+00 8.85261e+174
1.59900e+00 -1.21307e+175
1.60000e+00 1.66237e+175
1.60100e+00 -2.27822e+175
1.60200e+00 3.12243e+175
1.60300e+00 -4.27973e+175
1.60400e+00 5.86634e+175
1.60500e+00 -8.04165e+175
1.60600e+00 1.10243e+176
1.60700e+00 -1.51141e+176
1.60800e+00 2.07225e+176
1.60900e+00 -2.84138e+176
1.61000e+00 3.89621e+176
1.61100e+00 -5.34298e+176
1.61200e+00 7.32743e+176
1.61300e+00 -1.00495e+177
1.61400e+00 1.37838e+177
1.61500e+00 -1.89068e+177
1.61600e+00 2.59354e+177
1.61700e+00 -3.55792e+177
1.61800e+00 4.88119e+177
1.61900e+00 -6.69704e+177
1.62000e+00 9.18897e+177
1.62100e+00 -1.26089e+178
1.62200e+00 1.73027e+178
1.62300e+00 -2.37454e+178
1.62400e+00 3.25889e+178
1.62500e+00 -4.47289e+178
1.62600e+00 6.13949e+178
1.62700e+00 -8.42760e+178
1.62800e+00 1.15692e+179
1.62900e+00 -1.58828e+179
1.63000e+00 2.18061e+179
1.63100e+00 -2.99403e+179
1.63200e+00 4.11113e+179
1.63300e+00 -5.64538e+179
1.63400e+00 7.75267e+179
1.63500e+00 -1.06472e+180
1.63600e+00 1.46234e+180
1.63700e+00 -2.00856e+180
1.63800e+00 2.75898e+180
1.63900e+00 -3.79001e+180
1.64000e+00 5.20664e+180
1.64100e+00 -7.15321e+180
1.64200e+00 9.82814e+180
1.64300e+00 -1.35042e+181
1.64400e+00 1.85563e+181
1.64500e+00 -2.55000e+181
1.64600e+00 3.50442e+181
1.64700e+00 -4.81635e+181
1.64800e+00 6.61983e+181
1.64900e+00 -9.09917e+181
1.65000e+00 1.25078e+182
1.65100e+00 -1.71945e+182
1.65200e+00 2.36387e+182
1.65300e+00 -3.25000e+182
1.65400e+00 4.46858e+182
1.65500e+00 -6.14443e+182
1.65600e+00 8.44928e+182
1.65700e+00 -1.16194e+183
1.65800e+00 1.59799e+183
1.65900e+00 -2.19781e+183
1.66000e+00 3.02297e+183
1.66100e+00 -4.15817e+183
1.66200e+00 5.72002e+183
1.66300e+00 -7.86897e+183
1.66400e+00 1.08259e+184
1.66500e+00 -1.48949e+184
1.66600e+00 2.04945e+184
1.66700e+00 -2.82008e+184
1.66800e+00 3.88071e+184
1.66900e+00 -5.34057e+184
1.67000e+00 7.35005e+184
1.67100e+00 -1.01162e+185
1.67200e+00 1.39243e+185
1.67300e+00 -1.91669e+185
1.67400e+00 2.63850e+185
1.67500e+00 -3.63236e+185
1.67600e+00 5.00088e+185
1.67700e+00 -6.88540e+185
1.67800e+00 9.48064e+185
1.67900e+00 -1.30549e+186
1.68000e+00 1.79776e+186
1.68100e+00 -2.47581e+186
1.68200e+00 3.40980e+186
1.68300e+00 -4.69640e+186
1.68400e+00 6.46886e+186
1.68500e+00 -8.91078e+186
1.68600e+00 1.22752e+187
1.68700e+00 -1.69110e+187
1.68800e+00 2.32987e+187
1.68900e+00 -3.21013e+187
1.69000e+00 4.42321e+187
1.69100e+00 -6.09507e+187
1.69200e+00 8.39934e+187
1.69300e+00 -1.15754e+188
1.69400e+00 1.59534e+188
1.69500e+00 -2.19885e+188
1.69600e+00 3.03085e+188
1.69700e+00 -4.17789e+188
1.69800e+00 5.75938e+188
1.69900e+00 -7.93999e+188
1.70000e+00 1.09468e+189
1.70100e+00 -1.50933e+189
1.70200e+00 2.08115e+189
1.70300e+00 -2.86977e+189
1.70400e+00 3.95746e+189
1.70500e+00 -5.45773e+189
1.70600e+00 7.52718e+189
1.70700e+00 -1.03819e+190
1.70800e+00 1.43202e+190
1.70900e+00 -1.97535e+190
1.71000e+00 2.72498e+190
1.71100e+00 -3.75932e+190
1.71200e+00 5.18657e+190
1.71300e+00 -7.15609e+190
1.71400e+00 9.87407e+190
1.71500e+00 -1.36252e+191
1.71600e+00 1.88024e+191
1.71700e+00 -2.59482e+191
1.71800e+00 3.58120e+191
1.71900e+00 -4.94281e+191
1.72000e+00 6.82250e+191
1.72100e+00 -9.41756e+191
1.72200e+00 1.30004e+192
1.72300e+00 -1.79475e+192
1.72400e+00 2.47783e+192
1.72500e+00 -3.42111e+192
1.72600e+00 4.72373e+192
1.72700e+00 -6.52272e+192
1.72800e+00 9.00735e+192
1.72900e+00 -1.24391e+193
1.73000e+00 1.71794e+193
1.73100e+00 -2.37274e+193
1.73200e+00 3.27731e+193
1.73300e+00 -4.52698e+193
1.73400e+00 6.25353e+193
1.73500e+00 -8.63904e+193
1.73600e+00 1.19352e+194
1.73700e+00 -1.64900e+194
1.73800e+00 2.27843e+194
1.73900e+00 -3.14828e+194
1.74000e+00 4.35048e+194
1.74100e+00 -6.01208e+194
1.74200e+00 8.30878e+194
1.74300e+00 -1.14835e+195
1.74400e+00 1.58721e+195
1.74500e+00 -2.19392e+195
1.74600e+00 3.03270e+195
1.74700e+00 -4.19241e+195
1.74800e+00 5.79592e+195
1.74900e+00 -8.01318e+195
1.75000e+00 1.10793e+196
1.75100e+00 -1.53194e+196
1.75200e+00 2.11835e+196
1.75300e+00 -2.92940e+196
1.75400e+00 4.05118e+196
1.75500e+00 -5.60286e+196
1.75600e+00 7.74929e+196
1.75700e+00 -1.07186e+197
1.75800e+00 1.48265e+197
1.75900e+00 -2.05099e+197
1.76000e+00 2.83734e+197
1.76100e+00 -3.92541e+197
1.76200e+00 5.43102e+197
1.76300e+00 -7.51454e+197
1.76400e+00 1.03979e+198
1.76500e+00 -1.43885e+198
1.76600e+00 1.99117e+198
1.76700e+00 -2.75566e+198
1.76800e+00 3.81387e+198
1.76900e+00 -5.27874e+198
1.77000e+00 7.30666e+198
1.77100e+00 -1.01142e+199
1.77200e+00 1.40013e+199
1.77300e+00 -1.93833e+199
1.77400e+00 2.68356e+199
1.77500e+00 -3.71551e+199
1.77600e+00 5.14458e+199
1.77700e+00 -7.12369e+199
1.77800e+00 9.86470e+199
1.77900e+00 -1.36611e+200
1.78000e+00 1.89196e+200
1.78100e+00 -2.62037e+200
1.78200e+00 3.62941e+200
1.78300e+00 -5.02728e+200
1.78400e+00 6.96393e+200
1.78500e+00 -9.64714e+200
1.78600e+00 1.33649e+201
1.78700e+00 -1.85165e+201
1.78800e+00 2.56551e+201
1.78900e+00 -3.55478e+201
1.79000e+00 4.92577e+201
1.79100e+00 -6.82590e+201
1.79200e+00 9.45952e+201
1.79300e+00 -1.31100e+202
1.79400e+00 1.81701e+202
1.79500e+00 -2.51847e+202
1.79600e+00 3.49092e+202
1.79700e+00 -4.83912e+202
1.79800e+00 6.70835e+202
1.79900e+00 -9.30013e+202
1.80000e+00 1.28939e+203
1.80100e+00 -1.78774e+203
1.80200e+00 2.47883e+203
1.80300e+00 -3.43727e+203
1.80400e+00 4.76654e+203
1.80500e+00 -6.61021e+203
1.80600e+00 9.16751e+203
1.80700e+00 -1.27148e+204
1.80800e+00 1.76357e+204
1.80900e+00 -2.44623e+204
1.81000e+00 3.39333e+204
1.81100e+00 -4.70736e+204
1.81200e+00 6.53058e+204
1.81300e+00 -9.06045e+204
1.81400e+00 1.25710e+205
1.81500e+00 -1.74427e+205
1.81600e+00 2.42036e+205
1.81700e+00 -3.35870e+205
1.81800e+00 4.66105e+205
1.81900e+00 -6.46873e+205
1.82000e+00 8.97796e+205
1.82100e+00 -1.24612e+206
1.82200e+00 1.72967e+206
1.82300e+00 -2.40099e+206
1.82400e+00 3.33305e+206
1.82500e+00 -4.62716e+206
1.82600e+00 6.42407e+206
1.82700e+00 -8.91927e+206
1.82800e+00 1.23843e+207
1.82900e+00 -1.71963e+207
1.83000e+00 2.38793e+207
1.83100e+00 -3.31613e+207
1.83200e+00 4.60537e+207
1.83300e+00 -6.39617e+207
1.83400e+00 8.88378e+207
1.83500e+00 -1.23395e+208
1.83600e+00 1.71404e+208
1.83700e+00 -2.38104e+208
1.83800e+00 3.30777e+208
1.83900e+00 -4.59544e+208
1.84000e+00 6.38470e+208
1.84100e+00 -8.87108e+208
1.84200e+00 1.23264e+209
1.84300e+00 -1.71284e+209
1.84400e+00 2.38024e+209
1.84500e+00 -3.30786e+209
1.84600e+00 4.59722e+209
1.84700e+00 -6.38949e+209
1.84800e+00 8.88096e+209
1.84900e+00 -1.23446e+210
1.85000e+00 1.71599e+210
1.85100e+00 -2.38548e+210
1.85200e+00 3.31633e+210
1.85300e+00 -4.61067e+210
1.85400e+00 6.41049e+210
1.85500e+00 -8.91336e+210
1.85600e+00 1.23941e+211
1.85700e+00 -1.72349e+211
1.85800e+00 2.39676e+211
1.85900e+00 -3.33322e+211
1.86000e+00 4.63581e+211
1.86100e+00 -6.44776e+211
1.86200e+00 8.96839e+211
1.86300e+00 -1.24751e+212
1.86400e+00 1.73537e+212
1.86500e+00 -2.41415e+212
1.86600e+00 3.35860e+212
1.86700e+00 -4.67277e+212
1.86800e+00 6.50149e+212
1.86900e+00 -9.04635e+212
1.87000e+00 1.25880e+213
1.87100e+00 -1.75170e+213
1.87200e+00 2.43774e+213
1.87300e+00 -3.39262e+213
1.87400e+00 4.72177e+213
1.87500e+00 -6.57200e+213
1.87600e+00 9.14769e+213
1.87700e+00 -1.27335e+214
1.87800e+00 1.77258e+214
1.87900e+00 -2.46766e+214
1.88000e+00 3.43548e+214
1.88100e+00 -4.78311e+214
1.88200e+00 6.65972e+214
1.88300e+00 -9.27306e+214
1.88400e+00 1.29125e+215
1.88500e+00 -1.79814e+215
1.88600e+00 2.50412e+215
1.88700e+00 -3.48746e+215
1.88800e+00 4.85719e+215
1.88900e+00 -6.76522e+215
1.89000e+00 9.42326e+215
1.89100e+00 -1.31263e+216
1.89200e+00 1.82854e+216
1.89300e+00 -2.54735e+216
1.89400e+00 3.54891e+216
1.89500e+00 -4.94449e+216
1.89600e+00 6.88923e+216
1.89700e+00 -9.59933e+216
1.89800e+00 1.33762e+217
1.89900e+00 -1.86400e+217
1.90000e+00 2.59765e+217
1.90100e+00 -3.62024e+217
1.90200e+00 5.04563e+217
1.90300e+00 -7.03258e+217
1.90400e+00 9.80246e+217
1.90500e+00 -1.36640e+218
1.90600e+00 1.90476e+218
1.90700e+00 -2.65537e+218
1.90800e+00 3.70196e+218
1.90900e+00 -5.16130e+218
1.91000e+00 7.19628e+218
1.91100e+00 -1.00341e+219
1.91200e+00 1.39917e+219
1.91300e+00 -1.95111e+219
1.91400e+00 2.72093e+219
1.91500e+00 -3.79465e+219
1.91600e+00 5.29235e+219
1.91700e+00 -7.38152e+219
1.91800e+00 1.02959e+220
1.91900e+00 -1.43617e+220
1.92000e+00 2.00339e+220
1.92100e+00 -2.79478e+220
1.92200e+00 3.89898e+220
1.92300e+00 -5.43971e+220
1.92400e+00 7.58964e+220
1.92500e+00 -1.05898e+221
1.92600e+00 1.47766e+221
1.92700e+00 -2.06198e+221
1.92800e+00 2.87749e+221
1.92900e+00 -4.01573e+221
1.93000e+00 5.60449e+221
1.93100e+00 -7.82219e+221
1.93200e+00 1.09180e+222
1.93300e+00 -1.52397e+222
1.93400e+00 2.12731e+222
1.93500e+00 -2.96967e+222
1.93600e+00 4.14577e+222
1.93700e+00 -5.78792e+222
1.93800e+00 8.08093e+222
1.93900e+00 -1.12829e+223
1.94000e+00 1.57544e+223
1.94100e+00 -2.19990e+223
1.94200e+00 3.07202e+223
1.94300e+00 -4.29010e+223
1.94400e+00 5.99143e+223
1.94500e+00 -8.36786e+223
1.94600e+00 1.16874e+224
1.94700e+00 -1.63247e+224
1.94800e+00 2.28029e+224
1.94900e+00 -3.18535e+224
1.95000e+00 4.44985e+224
1.95100e+00 -6.21660e+224
1.95200e+00 8.68524e+224
1.95300e+00 -1.21347e+225
1.95400e+00 1.69551e+225
1.95500e+00 -2.36914e+225
1.95600e+00 3.31056e+225
1.95700e+00 -4.62629e+225
1.95800e+00 6.46524e+225
1.95900e+00 -9.03560e+225
1.96000e+00 1.26284e+226
1.96100e+00 -1.76507e+226
1.96200e+00 2.46716e+226
1.96300e+00 -3.44866e+226
1.96400e+00 4.82087e+226
1.96500e+00 -6.73938e+226
1.96600e+00 9.42183e+226
1.96700e+00 -1.31726e+227
1.96800e+00 1.84173e+227
1.96900e+00 -2.57515e+227
1.97000e+00 3.60080e+227
1.97100e+00 -5.03519e+227
1.97200e+00 7.04130e+227
1.97300e+00 -9.84714e+227
1.97400e+00 1.37717e+228
1.97500e+00 -1.92613e+228
1.97600e+00 2.69403e+228
1.97700e+00 -3.76826e+228
1.97800e+00 5.27107e+228
1.97900e+00 -7.37356e+228
1.98000e+00 1.03152e+229
1.98100e+00 -1.44309e+229
1.98200e+00 2.01899e+229
1.98300e+00 -2.82483e+229
1.98400e+00 3.95249e+229
1.98500e+00 -5.53056e+229
1.98600e+00 7.73906e+229
1.98700e+00 -1.08300e+230
1.98800e+00 1.51560e+230
1.98900e+00 -2.12112e+230
1.99000e+00 2.96868e+230
1.99100e+00 -4.15511e+230
1.99200e+00 5.81595e+230
1.99300e+00 -8.14103e+230
1.99400e+00 1.13961e+231
1.99500e+00 -1.59535e+231
1.99600e+00 2.23344e+231
1.99700e+00 -3.12689e+231
1.99800e+00 4.37795e+231
1.99900e+00 -6.12983e+231
2.00000e+00 8.58313e+231
