0.00000e+00 2.00000e-02
1.00000e-03 3.96000e-02
2.00000e-03 5.88080e-02
3.00000e-03 7.76317e-02
4.00000e-03 9.60789e-02
5.00000e-03 1.14157e-01
6.00000e-03 1.31874e-01
7.00000e-03 1.49236e-01
8.00000e-03 1.66251e-01
9.00000e-03 1.82925e-01
1.00000e-02 1.99266e-01
1.10000e-02 2.15279e-01
1.20000e-02 2.30973e-01
1.30000e-02 2.46352e-01
1.40000e-02 2.61423e-01
1.50000e-02 2.76193e-01
1.60000e-02 2.90667e-01
1.70000e-02 3.04852e-01
1.80000e-02 3.18753e-01
1.90000e-02 3.32375e-01
2.00000e-02 3.45725e-01
2.10000e-02 3.58808e-01
2.20000e-02 3.71628e-01
2.30000e-02 3.84193e-01
2.40000e-02 3.96505e-01
2.50000e-02 4.08571e-01
2.60000e-02 4.20396e-01
2.70000e-02 4.31984e-01
2.80000e-02 4.43340e-01
2.90000e-02 4.54468e-01
3.00000e-02 4.65374e-01
3.10000e-02 4.76061e-01
3.20000e-02 4.86535e-01
3.30000e-02 4.96798e-01
3.40000e-02 5.06857e-01
3.50000e-02 5.16713e-01
3.60000e-02 5.26373e-01
3.70000e-02 5.35839e-01
3.80000e-02 5.45115e-01
3.90000e-02 5.54206e-01
4.00000e-02 5.63115e-01
4.10000e-02 5.71845e-01
4.20000e-02 5.80401e-01
4.30000e-02 5.88785e-01
4.40000e-02 5.97002e-01
4.50000e-02 6.05053e-01
4.60000e-02 6.12944e-01
4.70000e-02 6.20677e-01
4.80000e-02 6.28254e-01
4.90000e-02 6.35680e-01
5.00000e-02 6.42958e-01
5.10000e-02 6.50089e-01
5.20000e-02 6.57078e-01
5.30000e-02 6.63927e-01
5.40000e-02 6.70638e-01
5.50000e-02 6.77216e-01
5.60000e-02 6.83661e-01
5.70000e-02 6.89978e-01
5.80000e-02 6.96168e-01
5.90000e-02 7.02234e-01
6.00000e-02 7.08179e-01
6.10000e-02 7.14004e-01
6.20000e-02 7.19713e-01
6.30000e-02 7.25308e-01
6.40000e-02 7.30791e-01
6.50000e-02 7.36163e-01
6.60000e-02 7.41429e-01
6.70000e-02 7.46589e-01
6.80000e-02 7.51645e-01
6.90000e-02 7.56600e-01
7.00000e-02 7.61457e-01
7.10000e-02 7.66215e-01
7.20000e-02 7.70879e-01
7.30000e-02 7.75449e-01
7.40000e-02 7.79928e-01
7.50000e-02 7.84317e-01
7.60000e-02 7.88619e-01
7.70000e-02 7.92834e-01
7.80000e-02 7.96965e-01
7.90000e-02 8.01013e-01
8.00000e-02 8.04980e-01
8.10000e-02 8.08867e-01
8.20000e-02 8.12677e-01
8.30000e-02 8.16411e-01
8.40000e-02 8.20070e-01
8.50000e-02 8.23656e-01
8.60000e-02 8.27170e-01
8.70000e-02 8.30613e-01
8.80000e-02 8.33988e-01
8.90000e-02 8.37295e-01
9.00000e-02 8.40536e-01
9.10000e-02 8.43712e-01
9.20000e-02 8.46825e-01
9.30000e-02 8.49875e-01
9.40000e-02 8.52865e-01
9.50000e-02 8.55794e-01
9.60000e-02 8.58665e-01
9.70000e-02 8.61479e-01
9.80000e-02 8.64236e-01
9.90000e-02 8.66938e-01
1.00000e-01 8.69586e-01
1.01000e-01 8.72181e-01
1.02000e-01 8.74724e-01
1.03000e-01 8.77217e-01
1.04000e-01 8.79659e-01
1.05000e-01 8.82053e-01
1.06000e-01 8.84399e-01
1.07000e-01 8.86698e-01
1.08000e-01 8.88951e-01
1.09000e-01 8.91159e-01
1.10000e-01 8.93322e-01
1.11000e-01 8.95443e-01
1.12000e-01 8.97521e-01
1.13000e-01 8.99558e-01
1.14000e-01 9.01554e-01
1.15000e-01 9.03510e-01
1.16000e-01 9.05427e-01
1.17000e-01 9.07306e-01
1.18000e-01 9.09147e-01
1.19000e-01 9.10951e-01
1.20000e-01 9.12719e-01
1.21000e-01 9.14452e-01
1.22000e-01 9.16151e-01
1.23000e-01 9.17815e-01
1.24000e-01 9.19447e-01
1.25000e-01 9.21045e-01
1.26000e-01 9.22612e-01
1.27000e-01 9.24148e-01
1.28000e-01 9.25652e-01
1.29000e-01 9.27127e-01
1.30000e-01 9.28572e-01
1.31000e-01 9.29989e-01
1.32000e-01 9.31377e-01
1.33000e-01 9.32738e-01
1.34000e-01 9.34071e-01
1.35000e-01 9.35378e-01
1.36000e-01 9.36659e-01
1.37000e-01 9.37914e-01
1.38000e-01 9.39144e-01
1.39000e-01 9.40349e-01
1.40000e-01 9.41531e-01
1.41000e-01 9.42689e-01
1.42000e-01 9.43824e-01
1.43000e-01 9.44936e-01
1.44000e-01 9.46026e-01
1.45000e-01 9.47095e-01
1.46000e-01 9.48142e-01
1.47000e-01 9.49168e-01
1.48000e-01 9.50174e-01
1.49000e-01 9.51159e-01
1.50000e-01 9.52125e-01
1.51000e-01 9.53072e-01
1.52000e-01 9.54000e-01
1.53000e-01 9.54910e-01
1.54000e-01 9.55801e-01
1.55000e-01 9.56675e-01
1.56000e-01 9.57531e-01
1.57000e-01 9.58370e-01
1.58000e-01 9.59192e-01
1.59000e-01 9.59999e-01
1.60000e-01 9.60789e-01
1.61000e-01 9.61563e-01
1.62000e-01 9.62322e-01
1.63000e-01 9.63066e-01
1.64000e-01 9.63795e-01
1.65000e-01 9.64509e-01
1.66000e-01 9.65209e-01
1.67000e-01 9.65896e-01
1.68000e-01 9.66569e-01
1.69000e-01 9.67228e-01
1.70000e-01 9.67874e-01
1.71000e-01 9.68508e-01
1.72000e-01 9.69128e-01
1.73000e-01 9.69737e-01
1.74000e-01 9.70333e-01
1.75000e-01 9.70918e-01
1.76000e-01 9.71491e-01
1.77000e-01 9.72052e-01
1.78000e-01 9.72602e-01
1.79000e-01 9.73142e-01
1.80000e-01 9.73671e-01
1.81000e-01 9.74189e-01
1.82000e-01 9.74697e-01
1.83000e-01 9.75195e-01
1.84000e-01 9.75683e-01
1.85000e-01 9.76161e-01
1.86000e-01 9.76630e-01
1.87000e-01 9.77089e-01
1.88000e-01 9.77540e-01
1.89000e-01 9.77981e-01
1.90000e-01 9.78414e-01
1.91000e-01 9.78838e-01
1.92000e-01 9.79254e-01
1.93000e-01 9.79661e-01
1.94000e-01 9.80061e-01
1.95000e-01 9.80452e-01
1.96000e-01 9.80836e-01
1.97000e-01 9.81212e-01
1.98000e-01 9.81581e-01
1.99000e-01 9.81942e-01
2.00000e-01 9.82296e-01
2.01000e-01 9.82643e-01
2.02000e-01 9.82984e-01
2.03000e-01 9.83317e-01
2.04000e-01 9.83644e-01
2.05000e-01 9.83965e-01
2.06000e-01 9.84279e-01
2.07000e-01 9.84587e-01
2.08000e-01 9.84889e-01
2.09000e-01 9.85185e-01
2.10000e-01 9.85475e-01
2.11000e-01 9.85759e-01
2.12000e-01 9.86038e-01
2.13000e-01 9.86311e-01
2.14000e-01 9.86579e-01
2.15000e-01 9.86841e-01
2.16000e-01 9.87099e-01
2.17000e-01 9.87351e-01
2.18000e-01 9.87598e-01
2.19000e-01 9.87840e-01
2.20000e-01 9.88078e-01
2.21000e-01 9.88311e-01
2.22000e-01 9.88539e-01
2.23000e-01 9.88763e-01
2.24000e-01 9.88982e-01
2.25000e-01 9.89197e-01
2.26000e-01 9.89408e-01
2.27000e-01 9.89615e-01
2.28000e-01 9.89817e-01
2.29000e-01 9.90016e-01
2.30000e-01 9.90211e-01
2.31000e-01 9.90401e-01
2.32000e-01 9.90589e-01
2.33000e-01 9.90772e-01
2.34000e-01 9.90952e-01
2.35000e-01 9.91128e-01
2.36000e-01 9.91301e-01
2.37000e-01 9.91470e-01
2.38000e-01 9.91636e-01
2.39000e-01 9.91799e-01
2.40000e-01 9.91958e-01
2.41000e-01 9.92115e-01
2.42000e-01 9.92268e-01
2.43000e-01 9.92418e-01
2.44000e-01 9.92566e-01
2.45000e-01 9.92710e-01
2.46000e-01 9.92852e-01
2.47000e-01 9.92991e-01
2.48000e-01 9.93127e-01
2.49000e-01 9.93260e-01
2.50000e-01 9.93391e-01
2.51000e-01 9.93519e-01
2.52000e-01 9.93645e-01
2.53000e-01 9.93768e-01
2.54000e-01 9.93889e-01
2.55000e-01 9.94008e-01
2.56000e-01 9.94124e-01
2.57000e-01 9.94238e-01
2.58000e-01 9.94349e-01
2.59000e-01 9.94459e-01
2.60000e-01 9.94566e-01
2.61000e-01 9.94671e-01
2.62000e-01 9.94775e-01
2.63000e-01 9.94876e-01
2.64000e-01 9.94975e-01
2.65000e-01 9.95072e-01
2.66000e-01 9.95167e-01
2.67000e-01 9.95261e-01
2.68000e-01 9.95352e-01
2.69000e-01 9.95442e-01
2.70000e-01 9.95530e-01
2.71000e-01 9.95617e-01
2.72000e-01 9.95701e-01
2.73000e-01 9.95784e-01
2.74000e-01 9.95866e-01
2.75000e-01 9.95945e-01
2.76000e-01 9.96024e-01
2.77000e-01 9.96100e-01
2.78000e-01 9.96176e-01
2.79000e-01 9.96249e-01
2.80000e-01 9.96322e-01
2.81000e-01 9.96392e-01
2.82000e-01 9.96462e-01
2.83000e-01 9.96530e-01
2.84000e-01 9.96597e-01
2.85000e-01 9.96662e-01
2.86000e-01 9.96727e-01
2.87000e-01 9.96790e-01
2.88000e-01 9.96851e-01
2.89000e-01 9.96912e-01
2.90000e-01 9.96971e-01
2.91000e-01 9.97029e-01
2.92000e-01 9.97087e-01
2.93000e-01 9.97143e-01
2.94000e-01 9.97197e-01
2.95000e-01 9.97251e-01
2.96000e-01 9.97304e-01
2.97000e-01 9.97356e-01
2.98000e-01 9.97406e-01
2.99000e-01 9.97456e-01
3.00000e-01 9.97505e-01
3.01000e-01 9.97553e-01
3.02000e-01 9.97600e-01
3.03000e-01 9.97646e-01
3.04000e-01 9.97691e-01
3.05000e-01 9.97735e-01
3.06000e-01 9.97778e-01
3.07000e-01 9.97821e-01
3.08000e-01 9.97863e-01
3.09000e-01 9.97903e-01
3.10000e-01 9.97944e-01
3.11000e-01 9.97983e-01
3.12000e-01 9.98021e-01
3.13000e-01 9.98059e-01
3.14000e-01 9.98096e-01
3.15000e-01 9.98133e-01
3.16000e-01 9.98168e-01
3.17000e-01 9.98203e-01
3.18000e-01 9.98238e-01
3.19000e-01 9.98271e-01
3.20000e-01 9.98304e-01
3.21000e-01 9.98336e-01
3.22000e-01 9.98368e-01
3.23000e-01 9.98399e-01
3.24000e-01 9.98430e-01
3.25000e-01 9.98460e-01
3.26000e-01 9.98489e-01
3.27000e-01 9.98518e-01
3.28000e-01 9.98546e-01
3.29000e-01 9.98574e-01
3.30000e-01 9.98601e-01
3.31000e-01 9.98627e-01
3.32000e-01 9.98653e-01
3.33000e-01 9.98679e-01
3.34000e-01 9.98704e-01
3.35000e-01 9.98729e-01
3.36000e-01 9.98753e-01
3.37000e-01 9.98777e-01
3.38000e-01 9.98800e-01
3.39000e-01 9.98823e-01
3.40000e-01 9.98845e-01
3.41000e-01 9.98867e-01
3.42000e-01 9.98888e-01
3.43000e-01 9.98909e-01
3.44000e-01 9.98930e-01
3.45000e-01 9.98950e-01
3.46000e-01 9.98970e-01
3.47000e-01 9.98990e-01
3.48000e-01 9.99009e-01
3.49000e-01 9.99027e-01
3.50000e-01 9.99046e-01
3.51000e-01 9.99064e-01
3.52000e-01 9.99082e-01
3.53000e-01 9.99099e-01
3.54000e-01 9.99116e-01
3.55000e-01 9.99133e-01
3.56000e-01 9.99149e-01
3.57000e-01 9.99165e-01
3.58000e-01 9.99181e-01
3.59000e-01 9.99196e-01
3.60000e-01 9.99211e-01
3.61000e-01 9.99226e-01
3.62000e-01 9.99241e-01
3.63000e-01 9.99255e-01
3.64000e-01 9.99269e-01
3.65000e-01 9.99283e-01
3.66000e-01 9.99296e-01
3.67000e-01 9.99310e-01
3.68000e-01 9.99323e-01
3.69000e-01 9.99335e-01
3.70000e-01 9.99348e-01
3.71000e-01 9.99360e-01
3.72000e-01 9.99372e-01
3.73000e-01 9.99384e-01
3.74000e-01 9.99395e-01
3.75000e-01 9.99407e-01
3.76000e-01 9.99418e-01
3.77000e-01 9.99429e-01
3.78000e-01 9.99440e-01
3.79000e-01 9.99450e-01
3.80000e-01 9.99460e-01
3.81000e-01 9.99471e-01
3.82000e-01 9.99480e-01
3.83000e-01 9.99490e-01
3.84000e-01 9.99500e-01
3.85000e-01 9.99509e-01
3.86000e-01 9.99518e-01
3.87000e-01 9.99527e-01
3.88000e-01 9.99536e-01
3.89000e-01 9.99545e-01
3.90000e-01 9.99553e-01
3.91000e-01 9.99562e-01
3.92000e-01 9.99570e-01
3.93000e-01 9.99578e-01
3.94000e-01 9.99586e-01
3.95000e-01 9.99593e-01
3.96000e-01 9.99601e-01
3.97000e-01 9.99608e-01
3.98000e-01 9.99616e-01
3.99000e-01 9.99623e-01
4.00000e-01 9.99630e-01
4.01000e-01 9.99637e-01
4.02000e-01 9.99644e-01
4.03000e-01 9.99650e-01
4.04000e-01 9.99657e-01
4.05000e-01 9.99663e-01
4.06000e-01 9.99669e-01
4.07000e-01 9.99675e-01
4.08000e-01 9.99682e-01
4.09000e-01 9.99687e-01
4.10000e-01 9.99693e-01
4.11000e-01 9.99699e-01
4.12000e-01 9.99704e-01
4.13000e-01 9.99710e-01
4.14000e-01 9.99715e-01
4.15000e-01 9.99721e-01
4.16000e-01 9.99726e-01
4.17000e-01 9.99731e-01
4.18000e-01 9.99736e-01
4.19000e-01 9.99741e-01
4.20000e-01 9.99746e-01
4.21000e-01 9.99750e-01
4.22000e-01 9.99755e-01
4.23000e-01 9.99759e-01
4.24000e-01 9.99764e-01
4.25000e-01 9.99768e-01
4.26000e-01 9.99772e-01
4.27000e-01 9.99777e-01
4.28000e-01 9.99781e-01
4.29000e-01 9.99785e-01
4.30000e-01 9.99789e-01
4.31000e-01 9.99793e-01
4.32000e-01 9.99797e-01
4.33000e-01 9.99800e-01
4.34000e-01 9.99804e-01
4.35000e-01 9.99808e-01
4.36000e-01 9.99811e-01
4.37000e-01 9.99815e-01
4.38000e-01 9.99818e-01
4.39000e-01 9.99821e-01
4.40000e-01 9.99825e-01
4.41000e-01 9.99828e-01
4.42000e-01 9.99831e-01
4.43000e-01 9.99834e-01
4.44000e-01 9.99837e-01
4.45000e-01 9.99840e-01
4.46000e-01 9.99843e-01
4.47000e-01 9.99846e-01
4.48000e-01 9.99849e-01
4.49000e-01 9.99852e-01
4.50000e-01 9.99854e-01
4.51000e-01 9.99857e-01
4.52000e-01 9.99860e-01
4.53000e-01 9.99862e-01
4.54000e-01 9.99865e-01
4.55000e-01 9.99867e-01
4.56000e-01 9.99870e-01
4.57000e-01 9.99872e-01
4.58000e-01 9.99874e-01
4.59000e-01 9.99877e-01
4.60000e-01 9.99879e-01
4.61000e-01 9.99881e-01
4.62000e-01 9.99883e-01
4.63000e-01 9.99885e-01
4.64000e-01 9.99887e-01
4.65000e-01 9.99889e-01
4.66000e-01 9.99891e-01
4.67000e-01 9.99893e-01
4.68000e-01 9.99895e-01
4.69000e-01 9.99897e-01
4.70000e-01 9.99899e-01
4.71000e-01 9.99901e-01
4.72000e-01 9.99903e-01
4.73000e-01 9.99905e-01
4.74000e-01 9.99906e-01
4.75000e-01 9.99908e-01
4.76000e-01 9.99910e-01
4.77000e-01 9.99911e-01
4.78000e-01 9.99913e-01
4.79000e-01 9.99915e-01
4.80000e-01 9.99916e-01
4.81000e-01 9.99918e-01
4.82000e-01 9.99919e-01
4.83000e-01 9.99921e-01
4.84000e-01 9.99922e-01
4.85000e-01 9.99923e-01
4.86000e-01 9.99925e-01
4.87000e-01 9.99926e-01
4.88000e-01 9.99927e-01
4.89000e-01 9.99929e-01
4.90000e-01 9.99930e-01
4.91000e-01 9.99931e-01
4.92000e-01 9.99933e-01
4.93000e-01 9.99934e-01
4.94000e-01 9.99935e-01
4.95000e-01 9.99936e-01
4.96000e-01 9.99937e-01
4.97000e-01 9.99938e-01
4.98000e-01 9.99940e-01
4.99000e-01 9.99941e-01
5.00000e-01 9.99942e-01
5.01000e-01 9.99943e-01
5.02000e-01 9.99944e-01
5.03000e-01 9.99945e-01
5.04000e-01 9.99946e-01
5.05000e-01 9.99947e-01
5.06000e-01 9.99948e-01
5.07000e-01 9.99949e-01
5.08000e-01 9.99950e-01
5.09000e-01 9.99950e-01
5.10000e-01 9.99951e-01
5.11000e-01 9.99952e-01
5.12000e-01 9.99953e-01
5.13000e-01 9.99954e-01
5.14000e-01 9.99955e-01
5.15000e-01 9.99956e-01
5.16000e-01 9.99956e-01
5.17000e-01 9.99957e-01
5.18000e-01 9.99958e-01
5.19000e-01 9.99959e-01
5.20000e-01 9.99959e-01
5.21000e-01 9.99960e-01
5.22000e-01 9.99961e-01
5.23000e-01 9.99962e-01
5.24000e-01 9.99962e-01
5.25000e-01 9.99963e-01
5.26000e-01 9.99964e-01
5.27000e-01 9.99964e-01
5.28000e-01 9.99965e-01
5.29000e-01 9.99965e-01
5.30000e-01 9.99966e-01
5.31000e-01 9.99967e-01
5.32000e-01 9.99967e-01
5.33000e-01 9.99968e-01
5.34000e-01 9.99968e-01
5.35000e-01 9.99969e-01
5.36000e-01 9.99970e-01
5.37000e-01 9.99970e-01
5.38000e-01 9.99971e-01
5.39000e-01 9.99971e-01
5.40000e-01 9.99972e-01
5.41000e-01 9.99972e-01
5.42000e-01 9.99973e-01
5.43000e-01 9.99973e-01
5.44000e-01 9.99974e-01
5.45000e-01 9.99974e-01
5.46000e-01 9.99975e-01
5.47000e-01 9.99975e-01
5.48000e-01 9.99975e-01
5.49000e-01 9.99976e-01
5.50000e-01 9.99976e-01
5.51000e-01 9.99977e-01
5.52000e-01 9.99977e-01
5.53000e-01 9.99978e-01
5.54000e-01 9.99978e-01
5.55000e-01 9.99978e-01
5.56000e-01 9.99979e-01
5.57000e-01 9.99979e-01
5.58000e-01 9.99979e-01
5.59000e-01 9.99980e-01
5.60000e-01 9.99980e-01
5.61000e-01 9.99981e-01
5.62000e-01 9.99981e-01
5.63000e-01 9.99981e-01
5.64000e-01 9.99982e-01
5.65000e-01 9.99982e-01
5.66000e-01 9.99982e-01
5.67000e-01 9.99982e-01
5.68000e-01 9.99983e-01
5.69000e-01 9.99983e-01
5.70000e-01 9.99983e-01
5.71000e-01 9.99984e-01
5.72000e-01 9.99984e-01
5.73000e-01 9.99984e-01
5.74000e-01 9.99985e-01
5.75000e-01 9.99985e-01
5.76000e-01 9.99985e-01
5.77000e-01 9.99985e-01
5.78000e-01 9.99986e-01
5.79000e-01 9.99986e-01
5.80000e-01 9.99986e-01
5.81000e-01 9.99986e-01
5.82000e-01 9.99987e-01
5.83000e-01 9.99987e-01
5.84000e-01 9.99987e-01
5.85000e-01 9.99987e-01
5.86000e-01 9.99987e-01
5.87000e-01 9.99988e-01
5.88000e-01 9.99988e-01
5.89000e-01 9.99988e-01
5.90000e-01 9.99988e-01
5.91000e-01 9.99989e-01
5.92000e-01 9.99989e-01
5.93000e-01 9.99989e-01
5.94000e-01 9.99989e-01
5.95000e-01 9.99989e-01
5.96000e-01 9.99989e-01
5.97000e-01 9.99990e-01
5.98000e-01 9.99990e-01
5.99000e-01 9.99990e-01
6.00000e-01 9.99990e-01
6.01000e-01 9.99990e-01
6.02000e-01 9.99991e-01
6.03000e-01 9.99991e-01
6.04000e-01 9.99991e-01
6.05000e-01 9.99991e-01
6.06000e-01 9.99991e-01
6.07000e-01 9.99991e-01
6.08000e-01 9.99991e-01
6.09000e-01 9.99992e-01
6.10000e-01 9.99992e-01
6.11000e-01 9.99992e-01
6.12000e-01 9.99992e-01
6.13000e-01 9.99992e-01
6.14000e-01 9.99992e-01
6.15000e-01 9.99992e-01
6.16000e-01 9.99993e-01
6.17000e-01 9.99993e-01
6.18000e-01 9.99993e-01
6.19000e-01 9.99993e-01
6.20000e-01 9.99993e-01
6.21000e-01 9.99993e-01
6.22000e-01 9.99993e-01
6.23000e-01 9.99993e-01
6.24000e-01 9.99994e-01
6.25000e-01 9.99994e-01
6.26000e-01 9.99994e-01
6.27000e-01 9.99994e-01
6.28000e-01 9.99994e-01
6.29000e-01 9.99994e-01
6.30000e-01 9.99994e-01
6.31000e-01 9.99994e-01
6.32000e-01 9.99994e-01
6.33000e-01 9.99994e-01
6.34000e-01 9.99995e-01
6.35000e-01 9.99995e-01
6.36000e-01 9.99995e-01
6.37000e-01 9.99995e-01
6.38000e-01 9.99995e-01
6.39000e-01 9.99995e-01
6.40000e-01 9.99995e-01
6.41000e-01 9.99995e-01
6.42000e-01 9.99995e-01
6.43000e-01 9.99995e-01
6.44000e-01 9.99995e-01
6.45000e-01 9.99996e-01
6.46000e-01 9.99996e-01
6.47000e-01 9.99996e-01
6.48000e-01 9.99996e-01
6.49000e-01 9.99996e-01
6.50000e-01 9.99996e-01
6.51000e-01 9.99996e-01
6.52000e-01 9.99996e-01
6.53000e-01 9.99996e-01
6.54000e-01 9.99996e-01
6.55000e-01 9.99996e-01
6.56000e-01 9.99996e-01
6.57000e-01 9.99996e-01
6.58000e-01 9.99996e-01
6.59000e-01 9.99996e-01
6.60000e-01 9.99997e-01
6.61000e-01 9.99997e-01
6.62000e-01 9.99997e-01
6.63000e-01 9.99997e-01
6.64000e-01 9.99997e-01
6.65000e-01 9.99997e-01
6.66000e-01 9.99997e-01
6.67000e-01 9.99997e-01
6.68000e-01 9.99997e-01
6.69000e-01 9.99997e-01
6.70000e-01 9.99997e-01
6.71000e-01 9.99997e-01
6.72000e-01 9.99997e-01
6.73000e-01 9.99997e-01
6.74000e-01 9.99997e-01
6.75000e-01 9.99997e-01
6.76000e-01 9.99997e-01
6.77000e-01 9.99997e-01
6.78000e-01 9.99997e-01
6.79000e-01 9.99997e-01
6.80000e-01 9.99998e-01
6.81000e-01 9.99998e-01
6.82000e-01 9.99998e-01
6.83000e-01 9.99998e-01
6.84000e-01 9.99998e-01
6.85000e-01 9.99998e-01
6.86000e-01 9.99998e-01
6.87000e-01 9.99998e-01
6.88000e-01 9.99998e-01
6.89000e-01 9.99998e-01
6.90000e-01 9.99998e-01
6.91000e-01 9.99998e-01
6.92000e-01 9.99998e-01
6.93000e-01 9.99998e-01
6.94000e-01 9.99998e-01
6.95000e-01 9.99998e-01
6.96000e-01 9.99998e-01
6.97000e-01 9.99998e-01
6.98000e-01 9.99998e-01
6.99000e-01 9.99998e-01
7.00000e-01 9.99998e-01
7.01000e-01 9.99998e-01
7.02000e-01 9.99998e-01
7.03000e-01 9.99998e-01
7.04000e-01 9.99998e-01
7.05000e-01 9.99998e-01
7.06000e-01 9.99998e-01
7.07000e-01 9.99998e-01
7.08000e-01 9.99998e-01
7.09000e-01 9.99998e-01
7.10000e-01 9.99999e-01
7.11000e-01 9.99999e-01
7.12000e-01 9.99999e-01
7.13000e-01 9.99999e-01
7.14000e-01 9.99999e-01
7.15000e-01 9.99999e-01
7.16000e-01 9.99999e-01
7.17000e-01 9.99999e-01
7.18000e-01 9.99999e-01
7.19000e-01 9.99999e-01
7.20000e-01 9.99999e-01
7.21000e-01 9.99999e-01
7.22000e-01 9.99999e-01
7.23000e-01 9.99999e-01
7.24000e-01 9.99999e-01
7.25000e-01 9.99999e-01
7.26000e-01 9.99999e-01
7.27000e-01 9.99999e-01
7.28000e-01 9.99999e-01
7.29000e-01 9.99999e-01
7.30000e-01 9.99999e-01
7.31000e-01 9.99999e-01
7.32000e-01 9.99999e-01
7.33000e-01 9.99999e-01
7.34000e-01 9.99999e-01
7.35000e-01 9.99999e-01
7.36000e-01 9.99999e-01
7.37000e-01 9.99999e-01
7.38000e-01 9.99999e-01
7.39000e-01 9.99999e-01
7.40000e-01 9.99999e-01
7.41000e-01 9.99999e-01
7.42000e-01 9.99999e-01
7.43000e-01 9.99999e-01
7.44000e-01 9.99999e-01
7.45000e-01 9.99999e-01
7.46000e-01 9.99999e-01
7.47000e-01 9.99999e-01
7.48000e-01 9.99999e-01
7.49000e-01 9.99999e-01
7.50000e-01 9.99999e-01
7.51000e-01 9.99999e-01
7.52000e-01 9.99999e-01
7.53000e-01 9.99999e-01
7.54000e-01 9.99999e-01
7.55000e-01 9.99999e-01
7.56000e-01 9.99999e-01
7.57000e-01 9.99999e-01
7.58000e-01 9.99999e-01
7.59000e-01 9.99999e-01
7.60000e-01 9.99999e-01
7.61000e-01 9.99999e-01
7.62000e-01 9.99999e-01
7.63000e-01 9.99999e-01
7.64000e-01 9.99999e-01
7.65000e-01 9.99999e-01
7.66000e-01 9.99999e-01
7.67000e-01 9.99999e-01
7.68000e-01 9.99999e-01
7.69000e-01 9.99999e-01
7.70000e-01 9.99999e-01
7.71000e-01 9.99999e-01
7.72000e-01 9.99999e-01
7.73000e-01 9.99999e-01
7.74000e-01 9.99999e-01
7.75000e-01 9.99999e-01
7.76000e-01 1.00000e+00
7.77000e-01 1.00000e+00
7.78000e-01 1.00000e+00
7.79000e-01 1.00000e+00
7.80000e-01 1.00000e+00
7.81000e-01 1.00000e+00
7.82000e-01 1.00000e+00
7.83000e-01 1.00000e+00
7.84000e-01 1.00000e+00
7.85000e-01 1.00000e+00
7.86000e-01 1.00000e+00
7.87000e-01 1.00000e+00
7.88000e-01 1.00000e+00
7.89000e-01 1.00000e+00
7.90000e-01 1.00000e+00
7.91000e-01 1.00000e+00
7.92000e-01 1.00000e+00
7.93000e-01 1.00000e+00
7.94000e-01 1.00000e+00
7.95000e-01 1.00000e+00
7.96000e-01 1.00000e+00
7.97000e-01 1.00000e+00
7.98000e-01 1.00000e+00
7.99000e-01 1.00000e+00
8.00000e-01 1.00000e+00
8.01000e-01 1.00000e+00
8.02000e-01 1.00000e+00
8.03000e-01 1.00000e+00
8.04000e-01 1.00000e+00
8.05000e-01 1.00000e+00
8.06000e-01 1.00000e+00
8.07000e-01 1.00000e+00
8.08000e-01 1.00000e+00
8.09000e-01 1.00000e+00
8.10000e-01 1.00000e+00
8.11000e-01 1.00000e+00
8.12000e-01 1.00000e+00
8.13000e-01 1.00000e+00
8.14000e-01 1.00000e+00
8.15000e-01 1.00000e+00
8.16000e-01 1.00000e+00
8.17000e-01 1.00000e+00
8.18000e-01 1.00000e+00
8.19000e-01 1.00000e+00
8.20000e-01 1.00000e+00
8.21000e-01 1.00000e+00
8.22000e-01 1.00000e+00
8.23000e-01 1.00000e+00
8.24000e-01 1.00000e+00
8.25000e-01 1.00000e+00
8.26000e-01 1.00000e+00
8.27000e-01 1.00000e+00
8.28000e-01 1.00000e+00
8.29000e-01 1.00000e+00
8.30000e-01 1.00000e+00
8.31000e-01 1.00000e+00
8.32000e-01 1.00000e+00
8.33000e-01 1.00000e+00
8.34000e-01 1.00000e+00
8.35000e-01 1.00000e+00
8.36000e-01 1.00000e+00
8.37000e-01 1.00000e+00
8.38000e-01 1.00000e+00
8.39000e-01 1.00000e+00
8.40000e-01 1.00000e+00
8.41000e-01 1.00000e+00
8.42000e-01 1.00000e+00
8.43000e-01 1.00000e+00
8.44000e-01 1.00000e+00
8.45000e-01 1.00000e+00
8.46000e-01 1.00000e+00
8.47000e-01 1.00000e+00
8.48000e-01 1.00000e+00
8.49000e-01 1.00000e+00
8.50000e-01 1.00000e+00
8.51000e-01 1.00000e+00
8.52000e-01 1.00000e+00
8.53000e-01 1.00000e+00
8.54000e-01 1.00000e+00
8.55000e-01 1.00000e+00
8.56000e-01 1.00000e+00
8.57000e-01 1.00000e+00
8.58000e-01 1.00000e+00
8.59000e-01 1.00000e+00
8.60000e-01 1.00000e+00
8.61000e-01 1.00000e+00
8.62000e-01 1.00000e+00
8.63000e-01 1.00000e+00
8.64000e-01 1.00000e+00
8.65000e-01 1.00000e+00
8.66000e-01 1.00000e+00
8.67000e-01 1.00000e+00
8.68000e-01 1.00000e+00
8.69000e-01 1.00000e+00
8.70000e-01 1.00000e+00
8.71000e-01 1.00000e+00
8.72000e-01 1.00000e+00
8.73000e-01 1.00000e+00
8.74000e-01 1.00000e+00
8.75000e-01 1.00000e+00
8.76000e-01 1.00000e+00
8.77000e-01 1.00000e+00
8.78000e-01 1.00000e+00
8.79000e-01 1.00000e+00
8.80000e-01 1.00000e+00
8.81000e-01 1.00000e+00
8.82000e-01 1.00000e+00
8.83000e-01 1.00000e+00
8.84000e-01 1.00000e+00
8.85000e-01 1.00000e+00
8.86000e-01 1.00000e+00
8.87000e-01 1.00000e+00
8.88000e-01 1.00000e+00
8.89000e-01 1.00000e+00
8.90000e-01 1.00000e+00
8.91000e-01 1.00000e+00
8.92000e-01 1.00000e+00
8.93000e-01 1.00000e+00
8.94000e-01 1.00000e+00
8.95000e-01 1.00000e+00
8.96000e-01 1.00000e+00
8.97000e-01 1.00000e+00
8.98000e-01 1.00000e+00
8.99000e-01 1.00000e+00
9.00000e-01 1.00000e+00
9.01000e-01 1.00000e+00
9.02000e-01 1.00000e+00
9.03000e-01 1.00000e+00
9.04000e-01 1.00000e+00
9.05000e-01 1.00000e+00
9.06000e-01 1.00000e+00
9.07000e-01 1.00000e+00
9.08000e-01 1.00000e+00
9.09000e-01 1.00000e+00
9.10000e-01 1.00000e+00
9.11000e-01 1.00000e+00
9.12000e-01 1.00000e+00
9.13000e-01 1.00000e+00
9.14000e-01 1.00000e+00
9.15000e-01 1.00000e+00
9.16000e-01 1.00000e+00
9.17000e-01 1.00000e+00
9.18000e-01 1.00000e+00
9.19000e-01 1.00000e+00
9.20000e-01 1.00000e+00
9.21000e-01 1.00000e+00
9.22000e-01 1.00000e+00
9.23000e-01 1.00000e+00
9.24000e-01 1.00000e+00
9.25000e-01 1.00000e+00
9.26000e-01 1.00000e+00
9.27000e-01 1.00000e+00
9.28000e-01 1.00000e+00
9.29000e-01 1.00000e+00
9.30000e-01 1.00000e+00
9.31000e-01 1.00000e+00
9.32000e-01 1.00000e+00
9.33000e-01 1.00000e+00
9.34000e-01 1.00000e+00
9.35000e-01 1.00000e+00
9.36000e-01 1.00000e+00
9.37000e-01 1.00000e+00
9.38000e-01 1.00000e+00
9.39000e-01 1.00000e+00
9.40000e-01 1.00000e+00
9.41000e-01 1.00000e+00
9.42000e-01 1.00000e+00
9.43000e-01 1.00000e+00
9.44000e-01 1.00000e+00
9.45000e-01 1.00000e+00
9.46000e-01 1.00000e+00
9.47000e-01 1.00000e+00
9.48000e-01 1.00000e+00
9.49000e-01 1.00000e+00
9.50000e-01 1.00000e+00
9.51000e-01 1.00000e+00
9.52000e-01 1.00000e+00
9.53000e-01 1.00000e+00
9.54000e-01 1.00000e+00
9.55000e-01 1.00000e+00
9.56000e-01 1.00000e+00
9.57000e-01 1.00000e+00
9.58000e-01 1.00000e+00
9.59000e-01 1.00000e+00
9.60000e-01 1.00000e+00
9.61000e-01 1.00000e+00
9.62000e-01 1.00000e+00
9.63000e-01 1.00000e+00
9.64000e-01 1.00000e+00
9.65000e-01 1.00000e+00
9.66000e-01 1.00000e+00
9.67000e-01 1.00000e+00
9.68000e-01 1.00000e+00
9.69000e-01 1.00000e+00
9.70000e-01 1.00000e+00
9.71000e-01 1.00000e+00
9.72000e-01 1.00000e+00
9.73000e-01 1.00000e+00
9.74000e-01 1.00000e+00
9.75000e-01 1.00000e+00
9.76000e-01 1.00000e+00
9.77000e-01 1.00000e+00
9.78000e-01 1.00000e+00
9.79000e-01 1.00000e+00
9.80000e-01 1.00000e+00
9.81000e-01 1.00000e+00
9.82000e-01 1.00000e+00
9.83000e-01 1.00000e+00
9.84000e-01 1.00000e+00
9.85000e-01 1.00000e+00
9.86000e-01 1.00000e+00
9.87000e-01 1.00000e+00
9.88000e-01 1.00000e+00
9.89000e-01 1.00000e+00
9.90000e-01 1.00000e+00
9.91000e-01 1.00000e+00
9.92000e-01 1.00000e+00
9.93000e-01 1.00000e+00
9.94000e-01 1.00000e+00
9.95000e-01 1.00000e+00
9.96000e-01 1.00000e+00
9.97000e-01 1.00000e+00
9.98000e-01 1.00000e+00
9.99000e-01 1.00000e+00
1.00000e+00 1.00000e+00
1.00100e+00 1.00000e+00
1.00200e+00 1.00000e+00
1.00300e+00 1.00000e+00
1.00400e+00 1.00000e+00
1.00500e+00 1.00000e+00
1.00600e+00 1.00000e+00
1.00700e+00 1.00000e+00
1.00800e+00 1.00000e+00
1.00900e+00 1.00000e+00
1.01000e+00 1.00000e+00
1.01100e+00 1.00000e+00
1.01200e+00 1.00000e+00
1.01300e+00 1.00000e+00
1.01400e+00 1.00000e+00
1.01500e+00 1.00000e+00
1.01600e+00 1.00000e+00
1.01700e+00 1.00000e+00
1.01800e+00 1.00000e+00
1.01900e+00 1.00000e+00
1.02000e+00 1.00000e+00
1.02100e+00 1.00000e+00
1.02200e+00 1.00000e+00
1.02300e+00 1.00000e+00
1.02400e+00 1.00000e+00
1.02500e+00 1.00000e+00
1.02600e+00 1.00000e+00
1.02700e+00 1.00000e+00
1.02800e+00 1.00000e+00
1.02900e+00 1.00000e+00
1.03000e+00 1.00000e+00
1.03100e+00 1.00000e+00
1.03200e+00 1.00000e+00
1.03300e+00 1.00000e+00
1.03400e+00 1.00000e+00
1.03500e+00 1.00000e+00
1.03600e+00 1.00000e+00
1.03700e+00 1.00000e+00
1.03800e+00 1.00000e+00
1.03900e+00 1.00000e+00
1.04000e+00 1.00000e+00
1.04100e+00 1.00000e+00
1.04200e+00 1.00000e+00
1.04300e+00 1.00000e+00
1.04400e+00 1.00000e+00
1.04500e+00 1.00000e+00
1.04600e+00 1.00000e+00
1.04700e+00 1.00000e+00
1.04800e+00 1.00000e+00
1.04900e+00 1.00000e+00
1.05000e+00 1.00000e+00
1.05100e+00 1.00000e+00
1.05200e+00 1.00000e+00
1.05300e+00 1.00000e+00
1.05400e+00 1.00000e+00
1.05500e+00 1.00000e+00
1.05600e+00 1.00000e+00
1.05700e+00 1.00000e+00
1.05800e+00 1.00000e+00
1.05900e+00 1.00000e+00
1.06000e+00 1.00000e+00
1.06100e+00 1.00000e+00
1.06200e+00 1.00000e+00
1.06300e+00 1.00000e+00
1.06400e+00 1.00000e+00
1.06500e+00 1.00000e+00
1.06600e+00 1.00000e+00
1.06700e+00 1.00000e+00
1.06800e+00 1.00000e+00
1.06900e+00 1.00000e+00
1.07000e+00 1.00000e+00
1.07100e+00 1.00000e+00
1.07200e+00 1.00000e+00
1.07300e+00 1.00000e+00
1.07400e+00 1.00000e+00
1.07500e+00 1.00000e+00
1.07600e+00 1.00000e+00
1.07700e+00 1.00000e+00
1.07800e+00 1.00000e+00
1.07900e+00 1.00000e+00
1.08000e+00 1.00000e+00
1.08100e+00 1.00000e+00
1.08200e+00 1.00000e+00
1.08300e+00 1.00000e+00
1.08400e+00 1.00000e+00
1.08500e+00 1.00000e+00
1.08600e+00 1.00000e+00
1.08700e+00 1.00000e+00
1.08800e+00 1.00000e+00
1.08900e+00 1.00000e+00
1.09000e+00 1.00000e+00
1.09100e+00 1.00000e+00
1.09200e+00 1.00000e+00
1.09300e+00 1.00000e+00
1.09400e+00 1.00000e+00
1.09500e+00 1.00000e+00
1.09600e+00 1.00000e+00
1.09700e+00 1.00000e+00
1.09800e+00 1.00000e+00
1.09900e+00 1.00000e+00
1.10000e+00 1.00000e+00
1.10100e+00 1.00000e+00
1.10200e+00 1.00000e+00
1.10300e+00 1.00000e+00
1.10400e+00 1.00000e+00
1.10500e+00 1.00000e+00
1.10600e+00 1.00000e+00
1.10700e+00 1.00000e+00
1.10800e+00 1.00000e+00
1.10900e+00 1.00000e+00
1.11000e+00 1.00000e+00
1.11100e+00 1.00000e+00
1.11200e+00 1.00000e+00
1.11300e+00 1.00000e+00
1.11400e+00 1.00000e+00
1.11500e+00 1.00000e+00
1.11600e+00 1.00000e+00
1.11700e+00 1.00000e+00
1.11800e+00 1.00000e+00
1.11900e+00 1.00000e+00
1.12000e+00 1.00000e+00
1.12100e+00 1.00000e+00
1.12200e+00 1.00000e+00
1.12300e+00 1.00000e+00
1.12400e+00 1.00000e+00
1.12500e+00 1.00000e+00
1.12600e+00 1.00000e+00
1.12700e+00 1.00000e+00
1.12800e+00 1.00000e+00
1.12900e+00 1.00000e+00
1.13000e+00 1.00000e+00
1.13100e+00 1.00000e+00
1.13200e+00 1.00000e+00
1.13300e+00 1.00000e+00
1.13400e+00 1.00000e+00
1.13500e+00 1.00000e+00
1.13600e+00 1.00000e+00
1.13700e+00 1.00000e+00
1.13800e+00 1.00000e+00
1.13900e+00 1.00000e+00
1.14000e+00 1.00000e+00
1.14100e+00 1.00000e+00
1.14200e+00 1.00000e+00
1.14300e+00 1.00000e+00
1.14400e+00 1.00000e+00
1.14500e+00 1.00000e+00
1.14600e+00 1.00000e+00
1.14700e+00 1.00000e+00
1.14800e+00 1.00000e+00
1.14900e+00 1.00000e+00
1.15000e+00 1.00000e+00
1.15100e+00 1.00000e+00
1.15200e+00 1.00000e+00
1.15300e+00 1.00000e+00
1.15400e+00 1.00000e+00
1.15500e+00 1.00000e+00
1.15600e+00 1.00000e+00
1.15700e+00 1.00000e+00
1.15800e+00 1.00000e+00
1.15900e+00 1.00000e+00
1.16000e+00 1.00000e+00
1.16100e+00 1.00000e+00
1.16200e+00 1.00000e+00
1.16300e+00 1.00000e+00
1.16400e+00 1.00000e+00
1.16500e+00 1.00000e+00
1.16600e+00 1.00000e+00
1.16700e+00 1.00000e+00
1.16800e+00 1.00000e+00
1.16900e+00 1.00000e+00
1.17000e+00 1.00000e+00
1.17100e+00 1.00000e+00
1.17200e+00 1.00000e+00
1.17300e+00 1.00000e+00
1.17400e+00 1.00000e+00
1.17500e+00 1.00000e+00
1.17600e+00 1.00000e+00
1.17700e+00 1.00000e+00
1.17800e+00 1.00000e+00
1.17900e+00 1.00000e+00
1.18000e+00 1.00000e+00
1.18100e+00 1.00000e+00
1.18200e+00 1.00000e+00
1.18300e+00 1.00000e+00
1.18400e+00 1.00000e+00
1.18500e+00 1.00000e+00
1.18600e+00 1.00000e+00
1.18700e+00 1.00000e+00
1.18800e+00 1.00000e+00
1.18900e+00 1.00000e+00
1.19000e+00 1.00000e+00
1.19100e+00 1.00000e+00
1.19200e+00 1.00000e+00
1.19300e+00 1.00000e+00
1.19400e+00 1.00000e+00
1.19500e+00 1.00000e+00
1.19600e+00 1.00000e+00
1.19700e+00 1.00000e+00
1.19800e+00 1.00000e+00
1.19900e+00 1.00000e+00
1.20000e+00 1.00000e+00
1.20100e+00 1.00000e+00
1.20200e+00 1.00000e+00
1.20300e+00 1.00000e+00
1.20400e+00 1.00000e+00
1.20500e+00 1.00000e+00
1.20600e+00 1.00000e+00
1.20700e+00 1.00000e+00
1.20800e+00 1.00000e+00
1.20900e+00 1.00000e+00
1.21000e+00 1.00000e+00
1.21100e+00 1.00000e+00
1.21200e+00 1.00000e+00
1.21300e+00 1.00000e+00
1.21400e+00 1.00000e+00
1.21500e+00 1.00000e+00
1.21600e+00 1.00000e+00
1.21700e+00 1.00000e+00
1.21800e+00 1.00000e+00
1.21900e+00 1.00000e+00
1.22000e+00 1.00000e+00
1.22100e+00 1.00000e+00
1.22200e+00 1.00000e+00
1.22300e+00 1.00000e+00
1.22400e+00 1.00000e+00
1.22500e+00 1.00000e+00
1.22600e+00 1.00000e+00
1.22700e+00 1.00000e+00
1.22800e+00 1.00000e+00
1.22900e+00 1.00000e+00
1.23000e+00 1.00000e+00
1.23100e+00 1.00000e+00
1.23200e+00 1.00000e+00
1.23300e+00 1.00000e+00
1.23400e+00 1.00000e+00
1.23500e+00 1.00000e+00
1.23600e+00 1.00000e+00
1.23700e+00 1.00000e+00
1.23800e+00 1.00000e+00
1.23900e+00 1.00000e+00
1.24000e+00 1.00000e+00
1.24100e+00 1.00000e+00
1.24200e+00 1.00000e+00
1.24300e+00 1.00000e+00
1.24400e+00 1.00000e+00
1.24500e+00 1.00000e+00
1.24600e+00 1.00000e+00
1.24700e+00 1.00000e+00
1.24800e+00 1.00000e+00
1.24900e+00 1.00000e+00
1.25000e+00 1.00000e+00
1.25100e+00 1.00000e+00
1.25200e+00 1.00000e+00
1.25300e+00 1.00000e+00
1.25400e+00 1.00000e+00
1.25500e+00 1.00000e+00
1.25600e+00 1.00000e+00
1.25700e+00 1.00000e+00
1.25800e+00 1.00000e+00
1.25900e+00 1.00000e+00
1.26000e+00 1.00000e+00
1.26100e+00 1.00000e+00
1.26200e+00 1.00000e+00
1.26300e+00 1.00000e+00
1.26400e+00 1.00000e+00
1.26500e+00 1.00000e+00
1.26600e+00 1.00000e+00
1.26700e+00 1.00000e+00
1.26800e+00 1.00000e+00
1.26900e+00 1.00000e+00
1.27000e+00 1.00000e+00
1.27100e+00 1.00000e+00
1.27200e+00 1.00000e+00
1.27300e+00 1.00000e+00
1.27400e+00 1.00000e+00
1.27500e+00 1.00000e+00
1.27600e+00 1.00000e+00
1.27700e+00 1.00000e+00
1.27800e+00 1.00000e+00
1.27900e+00 1.00000e+00
1.28000e+00 1.00000e+00
1.28100e+00 1.00000e+00
1.28200e+00 1.00000e+00
1.28300e+00 1.00000e+00
1.28400e+00 1.00000e+00
1.28500e+00 1.00000e+00
1.28600e+00 1.00000e+00
1.28700e+00 1.00000e+00
1.28800e+00 1.00000e+00
1.28900e+00 1.00000e+00
1.29000e+00 1.00000e+00
1.29100e+00 1.00000e+00
1.29200e+00 1.00000e+00
1.29300e+00 1.00000e+00
1.29400e+00 1.00000e+00
1.29500e+00 1.00000e+00
1.29600e+00 1.00000e+00
1.29700e+00 1.00000e+00
1.29800e+00 1.00000e+00
1.29900e+00 1.00000e+00
1.30000e+00 1.00000e+00
1.30100e+00 1.00000e+00
1.30200e+00 1.00000e+00
1.30300e+00 1.00000e+00
1.30400e+00 1.00000e+00
1.30500e+00 1.00000e+00
1.30600e+00 1.00000e+00
1.30700e+00 1.00000e+00
1.30800e+00 1.00000e+00
1.30900e+00 1.00000e+00
1.31000e+00 1.00000e+00
1.31100e+00 1.00000e+00
1.31200e+00 1.00000e+00
1.31300e+00 1.00000e+00
1.31400e+00 1.00000e+00
1.31500e+00 1.00000e+00
1.31600e+00 1.00000e+00
1.31700e+00 1.00000e+00
1.31800e+00 1.00000e+00
1.31900e+00 1.00000e+00
1.32000e+00 1.00000e+00
1.32100e+00 1.00000e+00
1.32200e+00 1.00000e+00
1.32300e+00 1.00000e+00
1.32400e+00 1.00000e+00
1.32500e+00 1.00000e+00
1.32600e+00 1.00000e+00
1.32700e+00 1.00000e+00
1.32800e+00 1.00000e+00
1.32900e+00 1.00000e+00
1.33000e+00 1.00000e+00
1.33100e+00 1.00000e+00
1.33200e+00 1.00000e+00
1.33300e+00 1.00000e+00
1.33400e+00 1.00000e+00
1.33500e+00 1.00000e+00
1.33600e+00 1.00000e+00
1.33700e+00 1.00000e+00
1.33800e+00 1.00000e+00
1.33900e+00 1.00000e+00
1.34000e+00 1.00000e+00
1.34100e+00 1.00000e+00
1.34200e+00 1.00000e+00
1.34300e+00 1.00000e+00
1.34400e+00 1.00000e+00
1.34500e+00 1.00000e+00
1.34600e+00 1.00000e+00
1.34700e+00 1.00000e+00
1.34800e+00 1.00000e+00
1.34900e+00 1.00000e+00
1.35000e+00 1.00000e+00
1.35100e+00 1.00000e+00
1.35200e+00 1.00000e+00
1.35300e+00 1.00000e+00
1.35400e+00 1.00000e+00
1.35500e+00 1.00000e+00
1.35600e+00 1.00000e+00
1.35700e+00 1.00000e+00
1.35800e+00 1.00000e+00
1.35900e+00 1.00000e+00
1.36000e+00 1.00000e+00
1.36100e+00 1.00000e+00
1.36200e+00 1.00000e+00
1.36300e+00 1.00000e+00
1.36400e+00 1.00000e+00
1.36500e+00 1.00000e+00
1.36600e+00 1.00000e+00
1.36700e+00 1.00000e+00
1.36800e+00 1.00000e+00
1.36900e+00 1.00000e+00
1.37000e+00 1.00000e+00
1.37100e+00 1.00000e+00
1.37200e+00 1.00000e+00
1.37300e+00 1.00000e+00
1.37400e+00 1.00000e+00
1.37500e+00 1.00000e+00
1.37600e+00 1.00000e+00
1.37700e+00 1.00000e+00
1.37800e+00 1.00000e+00
1.37900e+00 1.00000e+00
1.38000e+00 1.00000e+00
1.38100e+00 1.00000e+00
1.38200e+00 1.00000e+00
1.38300e+00 1.00000e+00
1.38400e+00 1.00000e+00
1.38500e+00 1.00000e+00
1.38600e+00 1.00000e+00
1.38700e+00 1.00000e+00
1.38800e+00 1.00000e+00
1.38900e+00 1.00000e+00
1.39000e+00 1.00000e+00
1.39100e+00 1.00000e+00
1.39200e+00 1.00000e+00
1.39300e+00 1.00000e+00
1.39400e+00 1.00000e+00
1.39500e+00 1.00000e+00
1.39600e+00 1.00000e+00
1.39700e+00 1.00000e+00
1.39800e+00 1.00000e+00
1.39900e+00 1.00000e+00
1.40000e+00 1.00000e+00
1.40100e+00 1.00000e+00
1.40200e+00 1.00000e+00
1.40300e+00 1.00000e+00
1.40400e+00 1.00000e+00
1.40500e+00 1.00000e+00
1.40600e+00 1.00000e+00
1.40700e+00 1.00000e+00
1.40800e+00 1.00000e+00
1.40900e+00 1.00000e+00
1.41000e+00 1.00000e+00
1.41100e+00 1.00000e+00
1.41200e+00 1.00000e+00
1.41300e+00 1.00000e+00
1.41400e+00 1.00000e+00
1.41500e+00 1.00000e+00
1.41600e+00 1.00000e+00
1.41700e+00 1.00000e+00
1.41800e+00 1.00000e+00
1.41900e+00 1.00000e+00
1.42000e+00 1.00000e+00
1.42100e+00 1.00000e+00
1.42200e+00 1.00000e+00
1.42300e+00 1.00000e+00
1.42400e+00 1.00000e+00
1.42500e+00 1.00000e+00
1.42600e+00 1.00000e+00
1.42700e+00 1.00000e+00
1.42800e+00 1.00000e+00
1.42900e+00 1.00000e+00
1.43000e+00 1.00000e+00
1.43100e+00 1.00000e+00
1.43200e+00 1.00000e+00
1.43300e+00 1.00000e+00
1.43400e+00 1.00000e+00
1.43500e+00 1.00000e+00
1.43600e+00 1.00000e+00
1.43700e+00 1.00000e+00
1.43800e+00 1.00000e+00
1.43900e+00 1.00000e+00
1.44000e+00 1.00000e+00
1.44100e+00 1.00000e+00
1.44200e+00 1.00000e+00
1.44300e+00 1.00000e+00
1.44400e+00 1.00000e+00
1.44500e+00 1.00000e+00
1.44600e+00 1.00000e+00
1.44700e+00 1.00000e+00
1.44800e+00 1.00000e+00
1.44900e+00 1.00000e+00
1.45000e+00 1.00000e+00
1.45100e+00 1.00000e+00
1.45200e+00 1.00000e+00
1.45300e+00 1.00000e+00
1.45400e+00 1.00000e+00
1.45500e+00 1.00000e+00
1.45600e+00 1.00000e+00
1.45700e+00 1.00000e+00
1.45800e+00 1.00000e+00
1.45900e+00 1.00000e+00
1.46000e+00 1.00000e+00
1.46100e+00 1.00000e+00
1.46200e+00 1.00000e+00
1.46300e+00 1.00000e+00
1.46400e+00 1.00000e+00
1.46500e+00 1.00000e+00
1.46600e+00 1.00000e+00
1.46700e+00 1.00000e+00
1.46800e+00 1.00000e+00
1.46900e+00 1.00000e+00
1.47000e+00 1.00000e+00
1.47100e+00 1.00000e+00
1.47200e+00 1.00000e+00
1.47300e+00 1.00000e+00
1.47400e+00 1.00000e+00
1.47500e+00 1.00000e+00
1.47600e+00 1.00000e+00
1.47700e+00 1.00000e+00
1.47800e+00 1.00000e+00
1.47900e+00 1.00000e+00
1.48000e+00 1.00000e+00
1.48100e+00 1.00000e+00
1.48200e+00 1.00000e+00
1.48300e+00 1.00000e+00
1.48400e+00 1.00000e+00
1.48500e+00 1.00000e+00
1.48600e+00 1.00000e+00
1.48700e+00 1.00000e+00
1.48800e+00 1.00000e+00
1.48900e+00 1.00000e+00
1.49000e+00 1.00000e+00
1.49100e+00 1.00000e+00
1.49200e+00 1.00000e+00
1.49300e+00 1.00000e+00
1.49400e+00 1.00000e+00
1.49500e+00 1.00000e+00
1.49600e+00 1.00000e+00
1.49700e+00 1.00000e+00
1.49800e+00 1.00000e+00
1.49900e+00 1.00000e+00
1.50000e+00 1.00000e+00
1.50100e+00 1.00000e+00
1.50200e+00 1.00000e+00
1.50300e+00 1.00000e+00
1.50400e+00 1.00000e+00
1.50500e+00 1.00000e+00
1.50600e+00 1.00000e+00
1.50700e+00 1.00000e+00
1.50800e+00 1.00000e+00
1.50900e+00 1.00000e+00
1.51000e+00 1.00000e+00
1.51100e+00 1.00000e+00
1.51200e+00 1.00000e+00
1.51300e+00 1.00000e+00
1.51400e+00 1.00000e+00
1.51500e+00 1.00000e+00
1.51600e+00 1.00000e+00
1.51700e+00 1.00000e+00
1.51800e+00 1.00000e+00
1.51900e+00 1.00000e+00
1.52000e+00 1.00000e+00
1.52100e+00 1.00000e+00
1.52200e+00 1.00000e+00
1.52300e+00 1.00000e+00
1.52400e+00 1.00000e+00
1.52500e+00 1.00000e+00
1.52600e+00 1.00000e+00
1.52700e+00 1.00000e+00
1.52800e+00 1.00000e+00
1.52900e+00 1.00000e+00
1.53000e+00 1.00000e+00
1.53100e+00 1.00000e+00
1.53200e+00 1.00000e+00
1.53300e+00 1.00000e+00
1.53400e+00 1.00000e+00
1.53500e+00 1.00000e+00
1.53600e+00 1.00000e+00
1.53700e+00 1.00000e+00
1.53800e+00 1.00000e+00
1.53900e+00 1.00000e+00
1.54000e+00 1.00000e+00
1.54100e+00 1.00000e+00
1.54200e+00 1.00000e+00
1.54300e+00 1.00000e+00
1.54400e+00 1.00000e+00
1.54500e+00 1.00000e+00
1.54600e+00 1.00000e+00
1.54700e+00 1.00000e+00
1.54800e+00 1.00000e+00
1.54900e+00 1.00000e+00
1.55000e+00 1.00000e+00
1.55100e+00 1.00000e+00
1.55200e+00 1.00000e+00
1.55300e+00 1.00000e+00
1.55400e+00 1.00000e+00
1.55500e+00 1.00000e+00
1.55600e+00 1.00000e+00
1.55700e+00 1.00000e+00
1.55800e+00 1.00000e+00
1.55900e+00 1.00000e+00
1.56000e+00 1.00000e+00
1.56100e+00 1.00000e+00
1.56200e+00 1.00000e+00
1.56300e+00 1.00000e+00
1.56400e+00 1.00000e+00
1.56500e+00 1.00000e+00
1.56600e+00 1.00000e+00
1.56700e+00 1.00000e+00
1.56800e+00 1.00000e+00
1.56900e+00 1.00000e+00
1.57000e+00 1.00000e+00
1.57100e+00 1.00000e+00
1.57200e+00 1.00000e+00
1.57300e+00 1.00000e+00
1.57400e+00 1.00000e+00
1.57500e+00 1.00000e+00
1.57600e+00 1.00000e+00
1.57700e+00 1.00000e+00
1.57800e+00 1.00000e+00
1.57900e+00 1.00000e+00
1.58000e+00 1.00000e+00
1.58100e+00 1.00000e+00
1.58200e+00 1.00000e+00
1.58300e+00 1.00000e+00
1.58400e+00 1.00000e+00
1.58500e+00 1.00000e+00
1.58600e+00 1.00000e+00
1.58700e+00 1.00000e+00
1.58800e+00 1.00000e+00
1.58900e+00 1.00000e+00
1.59000e+00 1.00000e+00
1.59100e+00 1.00000e+00
1.59200e+00 1.00000e+00
1.59300e+00 1.00000e+00
1.59400e+00 1.00000e+00
1.59500e+00 1.00000e+00
1.59600e+00 1.00000e+00
1.59700e+00 1.00000e+00
1.59800e+00 1.00000e+00
1.59900e+00 1.00000e+00
1.60000e+00 1.00000e+00
1.60100e+00 1.00000e+00
1.60200e+00 1.00000e+00
1.60300e+00 1.00000e+00
1.60400e+00 1.00000e+00
1.60500e+00 1.00000e+00
1.60600e+00 1.00000e+00
1.60700e+00 1.00000e+00
1.60800e+00 1.00000e+00
1.60900e+00 1.00000e+00
1.61000e+00 1.00000e+00
1.61100e+00 1.00000e+00
1.61200e+00 1.00000e+00
1.61300e+00 1.00000e+00
1.61400e+00 1.00000e+00
1.61500e+00 1.00000e+00
1.61600e+00 1.00000e+00
1.61700e+00 1.00000e+00
1.61800e+00 1.00000e+00
1.61900e+00 1.00000e+00
1.62000e+00 1.00000e+00
1.62100e+00 1.00000e+00
1.62200e+00 1.00000e+00
1.62300e+00 1.00000e+00
1.62400e+00 1.00000e+00
1.62500e+00 1.00000e+00
1.62600e+00 1.00000e+00
1.62700e+00 1.00000e+00
1.62800e+00 1.00000e+00
1.62900e+00 1.00000e+00
1.63000e+00 1.00000e+00
1.63100e+00 1.00000e+00
1.63200e+00 1.00000e+00
1.63300e+00 1.00000e+00
1.63400e+00 1.00000e+00
1.63500e+00 1.00000e+00
1.63600e+00 1.00000e+00
1.63700e+00 1.00000e+00
1.63800e+00 1.00000e+00
1.63900e+00 1.00000e+00
1.64000e+00 1.00000e+00
1.64100e+00 1.00000e+00
1.64200e+00 1.00000e+00
1.64300e+00 1.00000e+00
1.64400e+00 1.00000e+00
1.64500e+00 1.00000e+00
1.64600e+00 1.00000e+00
1.64700e+00 1.00000e+00
1.64800e+00 1.00000e+00
1.64900e+00 1.00000e+00
1.65000e+00 1.00000e+00
1.65100e+00 1.00000e+00
1.65200e+00 1.00000e+00
1.65300e+00 1.00000e+00
1.65400e+00 1.00000e+00
1.65500e+00 1.00000e+00
1.65600e+00 1.00000e+00
1.65700e+00 1.00000e+00
1.65800e+00 1.00000e+00
1.65900e+00 1.00000e+00
1.66000e+00 1.00000e+00
1.66100e+00 1.00000e+00
1.66200e+00 1.00000e+00
1.66300e+00 1.00000e+00
1.66400e+00 1.00000e+00
1.66500e+00 1.00000e+00
1.66600e+00 1.00000e+00
1.66700e+00 1.00000e+00
1.66800e+00 1.00000e+00
1.66900e+00 1.00000e+00
1.67000e+00 1.00000e+00
1.67100e+00 1.00000e+00
1.67200e+00 1.00000e+00
1.67300e+00 1.00000e+00
1.67400e+00 1.00000e+00
1.67500e+00 1.00000e+00
1.67600e+00 1.00000e+00
1.67700e+00 1.00000e+00
1.67800e+00 1.00000e+00
1.67900e+00 1.00000e+00
1.68000e+00 1.00000e+00
1.68100e+00 1.00000e+00
1.68200e+00 1.00000e+00
1.68300e+00 1.00000e+00
1.68400e+00 1.00000e+00
1.68500e+00 1.00000e+00
1.68600e+00 1.00000e+00
1.68700e+00 1.00000e+00
1.68800e+00 1.00000e+00
1.68900e+00 1.00000e+00
1.69000e+00 1.00000e+00
1.69100e+00 1.00000e+00
1.69200e+00 1.00000e+00
1.69300e+00 1.00000e+00
1.69400e+00 1.00000e+00
1.69500e+00 1.00000e+00
1.69600e+00 1.00000e+00
1.69700e+00 1.00000e+00
1.69800e+00 1.00000e+00
1.69900e+00 1.00000e+00
1.70000e+00 1.00000e+00
1.70100e+00 1.00000e+00
1.70200e+00 1.00000e+00
1.70300e+00 1.00000e+00
1.70400e+00 1.00000e+00
1.70500e+00 1.00000e+00
1.70600e+00 1.00000e+00
1.70700e+00 1.00000e+00
1.70800e+00 1.00000e+00
1.70900e+00 1.00000e+00
1.71000e+00 1.00000e+00
1.71100e+00 1.00000e+00
1.71200e+00 1.00000e+00
1.71300e+00 1.00000e+00
1.71400e+00 1.00000e+00
1.71500e+00 1.00000e+00
1.71600e+00 1.00000e+00
1.71700e+00 1.00000e+00
1.71800e+00 1.00000e+00
1.71900e+00 1.00000e+00
1.72000e+00 1.00000e+00
1.72100e+00 1.00000e+00
1.72200e+00 1.00000e+00
1.72300e+00 1.00000e+00
1.72400e+00 1.00000e+00
1.72500e+00 1.00000e+00
1.72600e+00 1.00000e+00
1.72700e+00 1.00000e+00
1.72800e+00 1.00000e+00
1.72900e+00 1.00000e+00
1.73000e+00 1.00000e+00
1.73100e+00 1.00000e+00
1.73200e+00 1.00000e+00
1.73300e+00 1.00000e+00
1.73400e+00 1.00000e+00
1.73500e+00 1.00000e+00
1.73600e+00 1.00000e+00
1.73700e+00 1.00000e+00
1.73800e+00 1.00000e+00
1.73900e+00 1.00000e+00
1.74000e+00 1.00000e+00
1.74100e+00 1.00000e+00
1.74200e+00 1.00000e+00
1.74300e+00 1.00000e+00
1.74400e+00 1.00000e+00
1.74500e+00 1.00000e+00
1.74600e+00 1.00000e+00
1.74700e+00 1.00000e+00
1.74800e+00 1.00000e+00
1.74900e+00 1.00000e+00
1.75000e+00 1.00000e+00
1.75100e+00 1.00000e+00
1.75200e+00 1.00000e+00
1.75300e+00 1.00000e+00
1.75400e+00 1.00000e+00
1.75500e+00 1.00000e+00
1.75600e+00 1.00000e+00
1.75700e+00 1.00000e+00
1.75800e+00 1.00000e+00
1.75900e+00 1.00000e+00
1.76000e+00 1.00000e+00
1.76100e+00 1.00000e+00
1.76200e+00 1.00000e+00
1.76300e+00 1.00000e+00
1.76400e+00 1.00000e+00
1.76500e+00 1.00000e+00
1.76600e+00 1.00000e+00
1.76700e+00 1.00000e+00
1.76800e+00 1.00000e+00
1.76900e+00 1.00000e+00
1.77000e+00 1.00000e+00
1.77100e+00 1.00000e+00
1.77200e+00 1.00000e+00
1.77300e+00 1.00000e+00
1.77400e+00 1.00000e+00
1.77500e+00 1.00000e+00
1.77600e+00 1.00000e+00
1.77700e+00 1.00000e+00
1.77800e+00 1.00000e+00
1.77900e+00 1.00000e+00
1.78000e+00 1.00000e+00
1.78100e+00 1.00000e+00
1.78200e+00 1.00000e+00
1.78300e+00 1.00000e+00
1.78400e+00 1.00000e+00
1.78500e+00 1.00000e+00
1.78600e+00 1.00000e+00
1.78700e+00 1.00000e+00
1.78800e+00 1.00000e+00
1.78900e+00 1.00000e+00
1.79000e+00 1.00000e+00
1.79100e+00 1.00000e+00
1.79200e+00 1.00000e+00
1.79300e+00 1.00000e+00
1.79400e+00 1.00000e+00
1.79500e+00 1.00000e+00
1.79600e+00 1.00000e+00
1.79700e+00 1.00000e+00
1.79800e+00 1.00000e+00
1.79900e+00 1.00000e+00
1.80000e+00 1.00000e+00
1.80100e+00 1.00000e+00
1.80200e+00 1.00000e+00
1.80300e+00 1.00000e+00
1.80400e+00 1.00000e+00
1.80500e+00 1.00000e+00
1.80600e+00 1.00000e+00
1.80700e+00 1.00000e+00
1.80800e+00 1.00000e+00
1.80900e+00 1.00000e+00
1.81000e+00 1.00000e+00
1.81100e+00 1.00000e+00
1.81200e+00 1.00000e+00
1.81300e+00 1.00000e+00
1.81400e+00 1.00000e+00
1.81500e+00 1.00000e+00
1.81600e+00 1.00000e+00
1.81700e+00 1.00000e+00
1.81800e+00 1.00000e+00
1.81900e+00 1.00000e+00
1.82000e+00 1.00000e+00
1.82100e+00 1.00000e+00
1.82200e+00 1.00000e+00
1.82300e+00 1.00000e+00
1.82400e+00 1.00000e+00
1.82500e+00 1.00000e+00
1.82600e+00 1.00000e+00
1.82700e+00 1.00000e+00
1.82800e+00 1.00000e+00
1.82900e+00 1.00000e+00
1.83000e+00 1.00000e+00
1.83100e+00 1.00000e+00
1.83200e+00 1.00000e+00
1.83300e+00 1.00000e+00
1.83400e+00 1.00000e+00
1.83500e+00 1.00000e+00
1.83600e+00 1.00000e+00
1.83700e+00 1.00000e+00
1.83800e+00 1.00000e+00
1.83900e+00 1.00000e+00
1.84000e+00 1.00000e+00
1.84100e+00 1.00000e+00
1.84200e+00 1.00000e+00
1.84300e+00 1.00000e+00
1.84400e+00 1.00000e+00
1.84500e+00 1.00000e+00
1.84600e+00 1.00000e+00
1.84700e+00 1.00000e+00
1.84800e+00 1.00000e+00
1.84900e+00 1.00000e+00
1.85000e+00 1.00000e+00
1.85100e+00 1.00000e+00
1.85200e+00 1.00000e+00
1.85300e+00 1.00000e+00
1.85400e+00 1.00000e+00
1.85500e+00 1.00000e+00
1.85600e+00 1.00000e+00
1.85700e+00 1.00000e+00
1.85800e+00 1.00000e+00
1.85900e+00 1.00000e+00
1.86000e+00 1.00000e+00
1.86100e+00 1.00000e+00
1.86200e+00 1.00000e+00
1.86300e+00 1.00000e+00
1.86400e+00 1.00000e+00
1.86500e+00 1.00000e+00
1.86600e+00 1.00000e+00
1.86700e+00 1.00000e+00
1.86800e+00 1.00000e+00
1.86900e+00 1.00000e+00
1.87000e+00 1.00000e+00
1.87100e+00 1.00000e+00
1.87200e+00 1.00000e+00
1.87300e+00 1.00000e+00
1.87400e+00 1.00000e+00
1.87500e+00 1.00000e+00
1.87600e+00 1.00000e+00
1.87700e+00 1.00000e+00
1.87800e+00 1.00000e+00
1.87900e+00 1.00000e+00
1.88000e+00 1.00000e+00
1.88100e+00 1.00000e+00
1.88200e+00 1.00000e+00
1.88300e+00 1.00000e+00
1.88400e+00 1.00000e+00
1.88500e+00 1.00000e+00
1.88600e+00 1.00000e+00
1.88700e+00 1.00000e+00
1.88800e+00 1.00000e+00
1.88900e+00 1.00000e+00
1.89000e+00 1.00000e+00
1.89100e+00 1.00000e+00
1.89200e+00 1.00000e+00
1.89300e+00 1.00000e+00
1.89400e+00 1.00000e+00
1.89500e+00 1.00000e+00
1.89600e+00 1.00000e+00
1.89700e+00 1.00000e+00
1.89800e+00 1.00000e+00
1.89900e+00 1.00000e+00
1.90000e+00 1.00000e+00
1.90100e+00 1.00000e+00
1.90200e+00 1.00000e+00
1.90300e+00 1.00000e+00
1.90400e+00 1.00000e+00
1.90500e+00 1.00000e+00
1.90600e+00 1.00000e+00
1.90700e+00 1.00000e+00
1.90800e+00 1.00000e+00
1.90900e+00 1.00000e+00
1.91000e+00 1.00000e+00
1.91100e+00 1.00000e+00
1.91200e+00 1.00000e+00
1.91300e+00 1.00000e+00
1.91400e+00 1.00000e+00
1.91500e+00 1.00000e+00
1.91600e+00 1.00000e+00
1.91700e+00 1.00000e+00
1.91800e+00 1.00000e+00
1.91900e+00 1.00000e+00
1.92000e+00 1.00000e+00
1.92100e+00 1.00000e+00
1.92200e+00 1.00000e+00
1.92300e+00 1.00000e+00
1.92400e+00 1.00000e+00
1.92500e+00 1.00000e+00
1.92600e+00 1.00000e+00
1.92700e+00 1.00000e+00
1.92800e+00 1.00000e+00
1.92900e+00 1.00000e+00
1.93000e+00 1.00000e+00
1.93100e+00 1.00000e+00
1.93200e+00 1.00000e+00
1.93300e+00 1.00000e+00
1.93400e+00 1.00000e+00
1.93500e+00 1.00000e+00
1.93600e+00 1.00000e+00
1.93700e+00 1.00000e+00
1.93800e+00 1.00000e+00
1.93900e+00 1.00000e+00
1.94000e+00 1.00000e+00
1.94100e+00 1.00000e+00
1.94200e+00 1.00000e+00
1.94300e+00 1.00000e+00
1.94400e+00 1.00000e+00
1.94500e+00 1.00000e+00
1.94600e+00 1.00000e+00
1.94700e+00 1.00000e+00
1.94800e+00 1.00000e+00
1.94900e+00 1.00000e+00
1.95000e+00 1.00000e+00
1.95100e+00 1.00000e+00
1.95200e+00 1.00000e+00
1.95300e+00 1.00000e+00
1.95400e+00 1.00000e+00
1.95500e+00 1.00000e+00
1.95600e+00 1.00000e+00
1.95700e+00 1.00000e+00
1.95800e+00 1.00000e+00
1.95900e+00 1.00000e+00
1.96000e+00 1.00000e+00
1.96100e+00 1.00000e+00
1.96200e+00 1.00000e+00
1.96300e+00 1.00000e+00
1.96400e+00 1.00000e+00
1.96500e+00 1.00000e+00
1.96600e+00 1.00000e+00
1.96700e+00 1.00000e+00
1.96800e+00 1.00000e+00
1.96900e+00 1.00000e+00
1.97000e+00 1.00000e+00
1.97100e+00 1.00000e+00
1.97200e+00 1.00000e+00
1.97300e+00 1.00000e+00
1.97400e+00 1.00000e+00
1.97500e+00 1.00000e+00
1.97600e+00 1.00000e+00
1.97700e+00 1.00000e+00
1.97800e+00 1.00000e+00
1.97900e+00 1.00000e+00
1.98000e+00 1.00000e+00
1.98100e+00 1.00000e+00
1.98200e+00 1.00000e+00
1.98300e+00 1.00000e+00
1.98400e+00 1.00000e+00
1.98500e+00 1.00000e+00
1.98600e+00 1.00000e+00
1.98700e+00 1.00000e+00
1.98800e+00 1.00000e+00
1.98900e+00 1.00000e+00
1.99000e+00 1.00000e+00
1.99100e+00 1.00000e+00
1.99200e+00 1.00000e+00
1.99300e+00 1.00000e+00
1.99400e+00 1.00000e+00
1.99500e+00 1.00000e+00
1.99600e+00 1.00000e+00
1.99700e+00 1.00000e+00
1.99800e+00 1.00000e+00
1.99900e+00 1.00000e+00
2.00000e+00 1.00000e+00
