0.00000e+00 -2.04082e-02
1.00000e-03 -4.12328e-02
2.00000e-03 -6.24823e-02
3.00000e-03 -8.41655e-02
4.00000e-03 -1.06291e-01
5.00000e-03 -1.28868e-01
6.00000e-03 -1.51905e-01
7.00000e-03 -1.75413e-01
8.00000e-03 -1.99400e-01
9.00000e-03 -2.23876e-01
1.00000e-02 -2.48852e-01
1.10000e-02 -2.74337e-01
1.20000e-02 -3.00341e-01
1.30000e-02 -3.26876e-01
1.40000e-02 -3.53952e-01
1.50000e-02 -3.81580e-01
1.60000e-02 -4.09772e-01
1.70000e-02 -4.38538e-01
1.80000e-02 -4.67890e-01
1.90000e-02 -4.97841e-01
2.00000e-02 -5.28403e-01
2.10000e-02 -5.59587e-01
2.20000e-02 -5.91406e-01
2.30000e-02 -6.23875e-01
2.40000e-02 -6.57004e-01
2.50000e-02 -6.90809e-01
2.60000e-02 -7.25303e-01
2.70000e-02 -7.60499e-01
2.80000e-02 -7.96412e-01
2.90000e-02 -8.33057e-01
3.00000e-02 -8.70447e-01
3.10000e-02 -9.08600e-01
3.20000e-02 -9.47529e-01
3.30000e-02 -9.87251e-01
3.40000e-02 -1.02778e+00
3.50000e-02 -1.06914e+00
3.60000e-02 -1.11134e+00
3.70000e-02 -1.15439e+00
3.80000e-02 -1.19833e+00
3.90000e-02 -1.24315e+00
4.00000e-02 -1.28889e+00
4.10000e-02 -1.33556e+00
4.20000e-02 -1.38318e+00
4.30000e-02 -1.43177e+00
4.40000e-02 -1.48135e+00
4.50000e-02 -1.53193e+00
4.60000e-02 -1.58355e+00
4.70000e-02 -1.63621e+00
4.80000e-02 -1.68995e+00
4.90000e-02 -1.74477e+00
5.00000e-02 -1.80071e+00
5.10000e-02 -1.85779e+00
5.20000e-02 -1.91603e+00
5.30000e-02 -1.97545e+00
5.40000e-02 -2.03608e+00
5.50000e-02 -2.09795e+00
5.60000e-02 -2.16107e+00
5.70000e-02 -2.22547e+00
5.80000e-02 -2.29118e+00
5.90000e-02 -2.35822e+00
6.00000e-02 -2.42663e+00
6.10000e-02 -2.49642e+00
6.20000e-02 -2.56763e+00
6.30000e-02 -2.64029e+00
6.40000e-02 -2.71442e+00
6.50000e-02 -2.79006e+00
6.60000e-02 -2.86723e+00
6.70000e-02 -2.94597e+00
6.80000e-02 -3.02630e+00
6.90000e-02 -3.10827e+00
7.00000e-02 -3.19189e+00
7.10000e-02 -3.27722e+00
7.20000e-02 -3.36427e+00
7.30000e-02 -3.45309e+00
7.40000e-02 -3.54371e+00
7.50000e-02 -3.63617e+00
7.60000e-02 -3.73050e+00
7.70000e-02 -3.82674e+00
7.80000e-02 -3.92494e+00
7.90000e-02 -4.02512e+00
8.00000e-02 -4.12733e+00
8.10000e-02 -4.23161e+00
8.20000e-02 -4.33801e+00
8.30000e-02 -4.44656e+00
8.40000e-02 -4.55731e+00
8.50000e-02 -4.67030e+00
8.60000e-02 -4.78557e+00
8.70000e-02 -4.90318e+00
8.80000e-02 -5.02317e+00
8.90000e-02 -5.14559e+00
9.00000e-02 -5.27049e+00
9.10000e-02 -5.39791e+00
9.20000e-02 -5.52791e+00
9.30000e-02 -5.66053e+00
9.40000e-02 -5.79584e+00
9.50000e-02 -5.93389e+00
9.60000e-02 -6.07472e+00
9.70000e-02 -6.21840e+00
9.80000e-02 -6.36499e+00
9.90000e-02 -6.51453e+00
1.00000e-01 -6.66710e+00
1.01000e-01 -6.82275e+00
1.02000e-01 -6.98154e+00
1.03000e-01 -7.14354e+00
1.04000e-01 -7.30881e+00
1.05000e-01 -7.47742e+00
1.06000e-01 -7.64943e+00
1.07000e-01 -7.82491e+00
1.08000e-01 -8.00393e+00
1.09000e-01 -8.18657e+00
1.10000e-01 -8.37288e+00
1.11000e-01 -8.56296e+00
1.12000e-01 -8.75686e+00
1.13000e-01 -8.95468e+00
1.14000e-01 -9.15648e+00
1.15000e-01 -9.36236e+00
1.16000e-01 -9.57238e+00
1.17000e-01 -9.78663e+00
1.18000e-01 -1.00052e+01
1.19000e-01 -1.02282e+01
1.20000e-01 -1.04556e+01
1.21000e-01 -1.06877e+01
1.22000e-01 -1.09244e+01
1.23000e-01 -1.11658e+01
1.24000e-01 -1.14122e+01
1.25000e-01 -1.16635e+01
1.26000e-01 -1.19198e+01
1.27000e-01 -1.21813e+01
1.28000e-01 -1.24481e+01
1.29000e-01 -1.27202e+01
1.30000e-01 -1.29978e+01
1.31000e-01 -1.32810e+01
1.32000e-01 -1.35698e+01
1.33000e-01 -1.38645e+01
1.34000e-01 -1.41651e+01
1.35000e-01 -1.44717e+01
1.36000e-01 -1.47845e+01
1.37000e-01 -1.51036e+01
1.38000e-01 -1.54290e+01
1.39000e-01 -1.57610e+01
1.40000e-01 -1.60997e+01
1.41000e-01 -1.64451e+01
1.42000e-01 -1.67975e+01
1.43000e-01 -1.71570e+01
1.44000e-01 -1.75236e+01
1.45000e-01 -1.78976e+01
1.46000e-01 -1.82791e+01
1.47000e-01 -1.86683e+01
1.48000e-01 -1.90652e+01
1.49000e-01 -1.94701e+01
1.50000e-01 -1.98831e+01
1.51000e-01 -2.03044e+01
1.52000e-01 -2.07341e+01
1.53000e-01 -2.11725e+01
1.54000e-01 -2.16195e+01
1.55000e-01 -2.20756e+01
1.56000e-01 -2.25407e+01
1.57000e-01 -2.30152e+01
1.58000e-01 -2.34991e+01
1.59000e-01 -2.39927e+01
1.60000e-01 -2.44962e+01
1.61000e-01 -2.50098e+01
1.62000e-01 -2.55336e+01
1.63000e-01 -2.60678e+01
1.64000e-01 -2.66128e+01
1.65000e-01 -2.71686e+01
1.66000e-01 -2.77355e+01
1.67000e-01 -2.83137e+01
1.68000e-01 -2.89035e+01
1.69000e-01 -2.95050e+01
1.70000e-01 -3.01185e+01
1.71000e-01 -3.07443e+01
1.72000e-01 -3.13826e+01
1.73000e-01 -3.20335e+01
1.74000e-01 -3.26975e+01
1.75000e-01 -3.33746e+01
1.76000e-01 -3.40653e+01
1.77000e-01 -3.47697e+01
1.78000e-01 -3.54881e+01
1.79000e-01 -3.62208e+01
1.80000e-01 -3.69682e+01
1.81000e-01 -3.77304e+01
1.82000e-01 -3.85077e+01
1.83000e-01 -3.93005e+01
1.84000e-01 -4.01091e+01
1.85000e-01 -4.09338e+01
1.86000e-01 -4.17748e+01
1.87000e-01 -4.26326e+01
1.88000e-01 -4.35073e+01
1.89000e-01 -4.43995e+01
1.90000e-01 -4.53094e+01
1.91000e-01 -4.62374e+01
1.92000e-01 -4.71837e+01
1.93000e-01 -4.81489e+01
1.94000e-01 -4.91332e+01
1.95000e-01 -5.01370e+01
1.96000e-01 -5.11607e+01
1.97000e-01 -5.22048e+01
1.98000e-01 -5.32695e+01
1.99000e-01 -5.43553e+01
2.00000e-01 -5.54626e+01
2.01000e-01 -5.65919e+01
2.02000e-01 -5.77435e+01
2.03000e-01 -5.89179e+01
2.04000e-01 -6.01156e+01
2.05000e-01 -6.13369e+01
2.06000e-01 -6.25825e+01
2.07000e-01 -6.38526e+01
2.08000e-01 -6.51479e+01
2.09000e-01 -6.64688e+01
2.10000e-01 -6.78158e+01
2.11000e-01 -6.91894e+01
2.12000e-01 -7.05901e+01
2.13000e-01 -7.20185e+01
2.14000e-01 -7.34751e+01
2.15000e-01 -7.49604e+01
2.16000e-01 -7.64751e+01
2.17000e-01 -7.80196e+01
2.18000e-01 -7.95946e+01
2.19000e-01 -8.12007e+01
2.20000e-01 -8.28384e+01
2.21000e-01 -8.45084e+01
2.22000e-01 -8.62113e+01
2.23000e-01 -8.79478e+01
2.24000e-01 -8.97185e+01
2.25000e-01 -9.15240e+01
2.26000e-01 -9.33650e+01
2.27000e-01 -9.52423e+01
2.28000e-01 -9.71565e+01
2.29000e-01 -9.91084e+01
2.30000e-01 -1.01099e+02
2.31000e-01 -1.03128e+02
2.32000e-01 -1.05197e+02
2.33000e-01 -1.07307e+02
2.34000e-01 -1.09459e+02
2.35000e-01 -1.11652e+02
2.36000e-01 -1.13889e+02
2.37000e-01 -1.16169e+02
2.38000e-01 -1.18495e+02
2.39000e-01 -1.20866e+02
2.40000e-01 -1.23283e+02
2.41000e-01 -1.25748e+02
2.42000e-01 -1.28261e+02
2.43000e-01 -1.30824e+02
2.44000e-01 -1.33436e+02
2.45000e-01 -1.36100e+02
2.46000e-01 -1.38816e+02
2.47000e-01 -1.41585e+02
2.48000e-01 -1.44408e+02
2.49000e-01 -1.47287e+02
2.50000e-01 -1.50222e+02
2.51000e-01 -1.53214e+02
2.52000e-01 -1.56264e+02
2.53000e-01 -1.59375e+02
2.54000e-01 -1.62546e+02
2.55000e-01 -1.65779e+02
2.56000e-01 -1.69075e+02
2.57000e-01 -1.72435e+02
2.58000e-01 -1.75861e+02
2.59000e-01 -1.79354e+02
2.60000e-01 -1.82915e+02
2.61000e-01 -1.86546e+02
2.62000e-01 -1.90247e+02
2.63000e-01 -1.94020e+02
2.64000e-01 -1.97867e+02
2.65000e-01 -2.01789e+02
2.66000e-01 -2.05787e+02
2.67000e-01 -2.09863e+02
2.68000e-01 -2.14018e+02
2.69000e-01 -2.18254e+02
2.70000e-01 -2.22573e+02
2.71000e-01 -2.26975e+02
2.72000e-01 -2.31463e+02
2.73000e-01 -2.36039e+02
2.74000e-01 -2.40703e+02
2.75000e-01 -2.45457e+02
2.76000e-01 -2.50304e+02
2.77000e-01 -2.55246e+02
2.78000e-01 -2.60282e+02
2.79000e-01 -2.65417e+02
2.80000e-01 -2.70651e+02
2.81000e-01 -2.75987e+02
2.82000e-01 -2.81426e+02
2.83000e-01 -2.86971e+02
2.84000e-01 -2.92622e+02
2.85000e-01 -2.98384e+02
2.86000e-01 -3.04257e+02
2.87000e-01 -3.10243e+02
2.88000e-01 -3.16345e+02
2.89000e-01 -3.22566e+02
2.90000e-01 -3.28906e+02
2.91000e-01 -3.35369e+02
2.92000e-01 -3.41957e+02
2.93000e-01 -3.48673e+02
2.94000e-01 -3.55518e+02
2.95000e-01 -3.62495e+02
2.96000e-01 -3.69606e+02
2.97000e-01 -3.76855e+02
2.98000e-01 -3.84244e+02
2.99000e-01 -3.91775e+02
3.00000e-01 -3.99452e+02
3.01000e-01 -4.07276e+02
3.02000e-01 -4.15251e+02
3.03000e-01 -4.23379e+02
3.04000e-01 -4.31664e+02
3.05000e-01 -4.40109e+02
3.06000e-01 -4.48716e+02
3.07000e-01 -4.57488e+02
3.08000e-01 -4.66430e+02
3.09000e-01 -4.75543e+02
3.10000e-01 -4.84831e+02
3.11000e-01 -4.94297e+02
3.12000e-01 -5.03946e+02
3.13000e-01 -5.13779e+02
3.14000e-01 -5.23802e+02
3.15000e-01 -5.34016e+02
3.16000e-01 -5.44427e+02
3.17000e-01 -5.55037e+02
3.18000e-01 -5.65850e+02
3.19000e-01 -5.76871e+02
3.20000e-01 -5.88103e+02
3.21000e-01 -5.99549e+02
3.22000e-01 -6.11215e+02
3.23000e-01 -6.23105e+02
3.24000e-01 -6.35221e+02
3.25000e-01 -6.47570e+02
3.26000e-01 -6.60154e+02
3.27000e-01 -6.72979e+02
3.28000e-01 -6.86049e+02
3.29000e-01 -6.99368e+02
3.30000e-01 -7.12942e+02
3.31000e-01 -7.26775e+02
3.32000e-01 -7.40872e+02
3.33000e-01 -7.55238e+02
3.34000e-01 -7.69878e+02
3.35000e-01 -7.84796e+02
3.36000e-01 -8.00000e+02
3.37000e-01 -8.15492e+02
3.38000e-01 -8.31280e+02
3.39000e-01 -8.47368e+02
3.40000e-01 -8.63763e+02
3.41000e-01 -8.80469e+02
3.42000e-01 -8.97493e+02
3.43000e-01 -9.14841e+02
3.44000e-01 -9.32518e+02
3.45000e-01 -9.50532e+02
3.46000e-01 -9.68887e+02
3.47000e-01 -9.87591e+02
3.48000e-01 -1.00665e+03
3.49000e-01 -1.02607e+03
3.50000e-01 -1.04586e+03
3.51000e-01 -1.06602e+03
3.52000e-01 -1.08657e+03
3.53000e-01 -1.10751e+03
3.54000e-01 -1.12884e+03
3.55000e-01 -1.15057e+03
3.56000e-01 -1.17272e+03
3.57000e-01 -1.19529e+03
3.58000e-01 -1.21828e+03
3.59000e-01 -1.24171e+03
3.60000e-01 -1.26558e+03
3.61000e-01 -1.28990e+03
3.62000e-01 -1.31469e+03
3.63000e-01 -1.33994e+03
3.64000e-01 -1.36566e+03
3.65000e-01 -1.39187e+03
3.66000e-01 -1.41858e+03
3.67000e-01 -1.44579e+03
3.68000e-01 -1.47351e+03
3.69000e-01 -1.50176e+03
3.70000e-01 -1.53054e+03
3.71000e-01 -1.55986e+03
3.72000e-01 -1.58973e+03
3.73000e-01 -1.62016e+03
3.74000e-01 -1.65117e+03
3.75000e-01 -1.68276e+03
3.76000e-01 -1.71494e+03
3.77000e-01 -1.74773e+03
3.78000e-01 -1.78114e+03
3.79000e-01 -1.81517e+03
3.80000e-01 -1.84984e+03
3.81000e-01 -1.88516e+03
3.82000e-01 -1.92114e+03
3.83000e-01 -1.95780e+03
3.84000e-01 -1.99515e+03
3.85000e-01 -2.03319e+03
3.86000e-01 -2.07195e+03
3.87000e-01 -2.11144e+03
3.88000e-01 -2.15166e+03
3.89000e-01 -2.19264e+03
3.90000e-01 -2.23438e+03
3.91000e-01 -2.27691e+03
3.92000e-01 -2.32022e+03
3.93000e-01 -2.36435e+03
3.94000e-01 -2.40931e+03
3.95000e-01 -2.45510e+03
3.96000e-01 -2.50175e+03
3.97000e-01 -2.54926e+03
3.98000e-01 -2.59767e+03
3.99000e-01 -2.64698e+03
4.00000e-01 -2.69720e+03
4.01000e-01 -2.74836e+03
4.02000e-01 -2.80048e+03
4.03000e-01 -2.85357e+03
4.04000e-01 -2.90764e+03
4.05000e-01 -2.96272e+03
4.06000e-01 -3.01883e+03
4.07000e-01 -3.07597e+03
4.08000e-01 -3.13418e+03
4.09000e-01 -3.19348e+03
4.10000e-01 -3.25387e+03
4.11000e-01 -3.31539e+03
4.12000e-01 -3.37804e+03
4.13000e-01 -3.44186e+03
4.14000e-01 -3.50687e+03
4.15000e-01 -3.57308e+03
4.16000e-01 -3.64051e+03
4.17000e-01 -3.70920e+03
4.18000e-01 -3.77915e+03
4.19000e-01 -3.85041e+03
4.20000e-01 -3.92298e+03
4.21000e-01 -3.99689e+03
4.22000e-01 -4.07218e+03
4.23000e-01 -4.14885e+03
4.24000e-01 -4.22694e+03
4.25000e-01 -4.30647e+03
4.26000e-01 -4.38747e+03
4.27000e-01 -4.46997e+03
4.28000e-01 -4.55399e+03
4.29000e-01 -4.63956e+03
4.30000e-01 -4.72671e+03
4.31000e-01 -4.81546e+03
4.32000e-01 -4.90585e+03
4.33000e-01 -4.99791e+03
4.34000e-01 -5.09166e+03
4.35000e-01 -5.18713e+03
4.36000e-01 -5.28437e+03
4.37000e-01 -5.38339e+03
4.38000e-01 -5.48423e+03
4.39000e-01 -5.58692e+03
4.40000e-01 -5.69150e+03
4.41000e-01 -5.79801e+03
4.42000e-01 -5.90646e+03
4.43000e-01 -6.01691e+03
4.44000e-01 -6.12939e+03
4.45000e-01 -6.24393e+03
4.46000e-01 -6.36056e+03
4.47000e-01 -6.47934e+03
4.48000e-01 -6.60029e+03
4.49000e-01 -6.72345e+03
4.50000e-01 -6.84887e+03
4.51000e-01 -6.97659e+03
4.52000e-01 -7.10664e+03
4.53000e-01 -7.23907e+03
4.54000e-01 -7.37391e+03
4.55000e-01 -7.51123e+03
4.56000e-01 -7.65105e+03
4.57000e-01 -7.79342e+03
4.58000e-01 -7.93839e+03
4.59000e-01 -8.08601e+03
4.60000e-01 -8.23632e+03
4.61000e-01 -8.38937e+03
4.62000e-01 -8.54521e+03
4.63000e-01 -8.70388e+03
4.64000e-01 -8.86545e+03
4.65000e-01 -9.02995e+03
4.66000e-01 -9.19745e+03
4.67000e-01 -9.36800e+03
4.68000e-01 -9.54165e+03
4.69000e-01 -9.71845e+03
4.70000e-01 -9.89847e+03
4.71000e-01 -1.00818e+04
4.72000e-01 -1.02684e+04
4.73000e-01 -1.04584e+04
4.74000e-01 -1.06518e+04
4.75000e-01 -1.08488e+04
4.76000e-01 -1.10493e+04
4.77000e-01 -1.12534e+04
4.78000e-01 -1.14613e+04
4.79000e-01 -1.16729e+04
4.80000e-01 -1.18884e+04
4.81000e-01 -1.21077e+04
4.82000e-01 -1.23310e+04
4.83000e-01 -1.25584e+04
4.84000e-01 -1.27898e+04
4.85000e-01 -1.30255e+04
4.86000e-01 -1.32654e+04
4.87000e-01 -1.35096e+04
4.88000e-01 -1.37582e+04
4.89000e-01 -1.40113e+04
4.90000e-01 -1.42690e+04
4.91000e-01 -1.45313e+04
4.92000e-01 -1.47984e+04
4.93000e-01 -1.50703e+04
4.94000e-01 -1.53470e+04
4.95000e-01 -1.56288e+04
4.96000e-01 -1.59156e+04
4.97000e-01 -1.62075e+04
4.98000e-01 -1.65047e+04
4.99000e-01 -1.68073e+04
5.00000e-01 -1.71153e+04
5.01000e-01 -1.74288e+04
5.02000e-01 -1.77479e+04
5.03000e-01 -1.80728e+04
5.04000e-01 -1.84035e+04
5.05000e-01 -1.87401e+04
5.06000e-01 -1.90827e+04
5.07000e-01 -1.94315e+04
5.08000e-01 -1.97866e+04
5.09000e-01 -2.01479e+04
5.10000e-01 -2.05158e+04
5.11000e-01 -2.08902e+04
5.12000e-01 -2.12714e+04
5.13000e-01 -2.16593e+04
5.14000e-01 -2.20542e+04
5.15000e-01 -2.24561e+04
5.16000e-01 -2.28652e+04
5.17000e-01 -2.32816e+04
5.18000e-01 -2.37054e+04
5.19000e-01 -2.41368e+04
5.20000e-01 -2.45759e+04
5.21000e-01 -2.50227e+04
5.22000e-01 -2.54776e+04
5.23000e-01 -2.59405e+04
5.24000e-01 -2.64117e+04
5.25000e-01 -2.68913e+04
5.26000e-01 -2.73794e+04
5.27000e-01 -2.78762e+04
5.28000e-01 -2.83817e+04
5.29000e-01 -2.88963e+04
5.30000e-01 -2.94200e+04
5.31000e-01 -2.99530e+04
5.32000e-01 -3.04955e+04
5.33000e-01 -3.10476e+04
5.34000e-01 -3.16094e+04
5.35000e-01 -3.21813e+04
5.36000e-01 -3.27632e+04
5.37000e-01 -3.33555e+04
5.38000e-01 -3.39582e+04
5.39000e-01 -3.45716e+04
5.40000e-01 -3.51959e+04
5.41000e-01 -3.58311e+04
5.42000e-01 -3.64776e+04
5.43000e-01 -3.71356e+04
5.44000e-01 -3.78051e+04
5.45000e-01 -3.84865e+04
5.46000e-01 -3.91799e+04
5.47000e-01 -3.98855e+04
5.48000e-01 -4.06035e+04
5.49000e-01 -4.13342e+04
5.50000e-01 -4.20778e+04
5.51000e-01 -4.28345e+04
5.52000e-01 -4.36045e+04
5.53000e-01 -4.43880e+04
5.54000e-01 -4.51853e+04
5.55000e-01 -4.59967e+04
5.56000e-01 -4.68222e+04
5.57000e-01 -4.76623e+04
5.58000e-01 -4.85172e+04
5.59000e-01 -4.93870e+04
5.60000e-01 -5.02722e+04
5.61000e-01 -5.11728e+04
5.62000e-01 -5.20892e+04
5.63000e-01 -5.30217e+04
5.64000e-01 -5.39706e+04
5.65000e-01 -5.49360e+04
5.66000e-01 -5.59184e+04
5.67000e-01 -5.69179e+04
5.68000e-01 -5.79349e+04
5.69000e-01 -5.89697e+04
5.70000e-01 -6.00226e+04
5.71000e-01 -6.10939e+04
5.72000e-01 -6.21839e+04
5.73000e-01 -6.32929e+04
5.74000e-01 -6.44213e+04
5.75000e-01 -6.55693e+04
5.76000e-01 -6.67374e+04
5.77000e-01 -6.79258e+04
5.78000e-01 -6.91350e+04
5.79000e-01 -7.03652e+04
5.80000e-01 -7.16168e+04
5.81000e-01 -7.28902e+04
5.82000e-01 -7.41857e+04
5.83000e-01 -7.55038e+04
5.84000e-01 -7.68448e+04
5.85000e-01 -7.82091e+04
5.86000e-01 -7.95971e+04
5.87000e-01 -8.10091e+04
5.88000e-01 -8.24457e+04
5.89000e-01 -8.39072e+04
5.90000e-01 -8.53941e+04
5.91000e-01 -8.69067e+04
5.92000e-01 -8.84455e+04
5.93000e-01 -9.00110e+04
5.94000e-01 -9.16036e+04
5.95000e-01 -9.32237e+04
5.96000e-01 -9.48719e+04
5.97000e-01 -9.65485e+04
5.98000e-01 -9.82542e+04
5.99000e-01 -9.99893e+04
6.00000e-01 -1.01754e+05
6.01000e-01 -1.03550e+05
6.02000e-01 -1.05377e+05
6.03000e-01 -1.07235e+05
6.04000e-01 -1.09125e+05
6.05000e-01 -1.11047e+05
6.06000e-01 -1.13003e+05
6.07000e-01 -1.14993e+05
6.08000e-01 -1.17017e+05
6.09000e-01 -1.19075e+05
6.10000e-01 -1.21169e+05
6.11000e-01 -1.23299e+05
6.12000e-01 -1.25466e+05
6.13000e-01 -1.27670e+05
6.14000e-01 -1.29911e+05
6.15000e-01 -1.32192e+05
6.16000e-01 -1.34511e+05
6.17000e-01 -1.36870e+05
6.18000e-01 -1.39270e+05
6.19000e-01 -1.41711e+05
6.20000e-01 -1.44193e+05
6.21000e-01 -1.46718e+05
6.22000e-01 -1.49287e+05
6.23000e-01 -1.51899e+05
6.24000e-01 -1.54556e+05
6.25000e-01 -1.57258e+05
6.26000e-01 -1.60007e+05
6.27000e-01 -1.62802e+05
6.28000e-01 -1.65646e+05
6.29000e-01 -1.68538e+05
6.30000e-01 -1.71479e+05
6.31000e-01 -1.74470e+05
6.32000e-01 -1.77513e+05
6.33000e-01 -1.80607e+05
6.34000e-01 -1.83754e+05
6.35000e-01 -1.86955e+05
6.36000e-01 -1.90210e+05
6.37000e-01 -1.93521e+05
6.38000e-01 -1.96888e+05
6.39000e-01 -2.00312e+05
6.40000e-01 -2.03794e+05
6.41000e-01 -2.07336e+05
6.42000e-01 -2.10938e+05
6.43000e-01 -2.14601e+05
6.44000e-01 -2.18326e+05
6.45000e-01 -2.22114e+05
6.46000e-01 -2.25967e+05
6.47000e-01 -2.29884e+05
6.48000e-01 -2.33869e+05
6.49000e-01 -2.37920e+05
6.50000e-01 -2.42041e+05
6.51000e-01 -2.46231e+05
6.52000e-01 -2.50492e+05
6.53000e-01 -2.54825e+05
6.54000e-01 -2.59232e+05
6.55000e-01 -2.63712e+05
6.56000e-01 -2.68269e+05
6.57000e-01 -2.72902e+05
6.58000e-01 -2.77614e+05
6.59000e-01 -2.82405e+05
6.60000e-01 -2.87277e+05
6.61000e-01 -2.92232e+05
6.62000e-01 -2.97269e+05
6.63000e-01 -3.02392e+05
6.64000e-01 -3.07601e+05
6.65000e-01 -3.12897e+05
6.66000e-01 -3.18283e+05
6.67000e-01 -3.23759e+05
6.68000e-01 -3.29328e+05
6.69000e-01 -3.34989e+05
6.70000e-01 -3.40747e+05
6.71000e-01 -3.46600e+05
6.72000e-01 -3.52552e+05
6.73000e-01 -3.58604e+05
6.74000e-01 -3.64758e+05
6.75000e-01 -3.71014e+05
6.76000e-01 -3.77376e+05
6.77000e-01 -3.83844e+05
6.78000e-01 -3.90420e+05
6.79000e-01 -3.97107e+05
6.80000e-01 -4.03905e+05
6.81000e-01 -4.10817e+05
6.82000e-01 -4.17845e+05
6.83000e-01 -4.24990e+05
6.84000e-01 -4.32255e+05
6.85000e-01 -4.39641e+05
6.86000e-01 -4.47150e+05
6.87000e-01 -4.54785e+05
6.88000e-01 -4.62547e+05
6.89000e-01 -4.70438e+05
6.90000e-01 -4.78461e+05
6.91000e-01 -4.86618e+05
6.92000e-01 -4.94911e+05
6.93000e-01 -5.03341e+05
6.94000e-01 -5.11912e+05
6.95000e-01 -5.20626e+05
6.96000e-01 -5.29484e+05
6.97000e-01 -5.38490e+05
6.98000e-01 -5.47645e+05
6.99000e-01 -5.56953e+05
7.00000e-01 -5.66415e+05
7.01000e-01 -5.76034e+05
7.02000e-01 -5.85813e+05
7.03000e-01 -5.95754e+05
7.04000e-01 -6.05859e+05
7.05000e-01 -6.16132e+05
7.06000e-01 -6.26576e+05
7.07000e-01 -6.37192e+05
7.08000e-01 -6.47984e+05
7.09000e-01 -6.58955e+05
7.10000e-01 -6.70107e+05
7.11000e-01 -6.81443e+05
7.12000e-01 -6.92967e+05
7.13000e-01 -7.04681e+05
7.14000e-01 -7.16589e+05
7.15000e-01 -7.28693e+05
7.16000e-01 -7.40997e+05
7.17000e-01 -7.53504e+05
7.18000e-01 -7.66218e+05
7.19000e-01 -7.79140e+05
7.20000e-01 -7.92276e+05
7.21000e-01 -8.05628e+05
7.22000e-01 -8.19200e+05
7.23000e-01 -8.32995e+05
7.24000e-01 -8.47017e+05
7.25000e-01 -8.61270e+05
7.26000e-01 -8.75757e+05
7.27000e-01 -8.90482e+05
7.28000e-01 -9.05449e+05
7.29000e-01 -9.20661e+05
7.30000e-01 -9.36124e+05
7.31000e-01 -9.51840e+05
7.32000e-01 -9.67813e+05
7.33000e-01 -9.84049e+05
7.34000e-01 -1.00055e+06
7.35000e-01 -1.01732e+06
7.36000e-01 -1.03437e+06
7.37000e-01 -1.05169e+06
7.38000e-01 -1.06930e+06
7.39000e-01 -1.08720e+06
7.40000e-01 -1.10539e+06
7.41000e-01 -1.12388e+06
7.42000e-01 -1.14267e+06
7.43000e-01 -1.16176e+06
7.44000e-01 -1.18117e+06
7.45000e-01 -1.20089e+06
7.46000e-01 -1.22094e+06
7.47000e-01 -1.24131e+06
7.48000e-01 -1.26202e+06
7.49000e-01 -1.28306e+06
7.50000e-01 -1.30445e+06
7.51000e-01 -1.32618e+06
7.52000e-01 -1.34826e+06
7.53000e-01 -1.37071e+06
7.54000e-01 -1.39352e+06
7.55000e-01 -1.41670e+06
7.56000e-01 -1.44026e+06
7.57000e-01 -1.46420e+06
7.58000e-01 -1.48853e+06
7.59000e-01 -1.51326e+06
7.60000e-01 -1.53838e+06
7.61000e-01 -1.56392e+06
7.62000e-01 -1.58986e+06
7.63000e-01 -1.61623e+06
7.64000e-01 -1.64303e+06
7.65000e-01 -1.67026e+06
7.66000e-01 -1.69793e+06
7.67000e-01 -1.72604e+06
7.68000e-01 -1.75461e+06
7.69000e-01 -1.78365e+06
7.70000e-01 -1.81315e+06
7.71000e-01 -1.84313e+06
7.72000e-01 -1.87360e+06
7.73000e-01 -1.90455e+06
7.74000e-01 -1.93601e+06
7.75000e-01 -1.96797e+06
7.76000e-01 -2.00045e+06
7.77000e-01 -2.03345e+06
7.78000e-01 -2.06698e+06
7.79000e-01 -2.10106e+06
7.80000e-01 -2.13568e+06
7.81000e-01 -2.17086e+06
7.82000e-01 -2.20660e+06
7.83000e-01 -2.24292e+06
7.84000e-01 -2.27983e+06
7.85000e-01 -2.31733e+06
7.86000e-01 -2.35543e+06
7.87000e-01 -2.39414e+06
7.88000e-01 -2.43347e+06
7.89000e-01 -2.47343e+06
7.90000e-01 -2.51404e+06
7.91000e-01 -2.55529e+06
7.92000e-01 -2.59721e+06
7.93000e-01 -2.63980e+06
7.94000e-01 -2.68307e+06
7.95000e-01 -2.72704e+06
7.96000e-01 -2.77170e+06
7.97000e-01 -2.81708e+06
7.98000e-01 -2.86319e+06
7.99000e-01 -2.91004e+06
8.00000e-01 -2.95763e+06
8.01000e-01 -3.00598e+06
8.02000e-01 -3.05511e+06
8.03000e-01 -3.10502e+06
8.04000e-01 -3.15572e+06
8.05000e-01 -3.20724e+06
8.06000e-01 -3.25957e+06
8.07000e-01 -3.31274e+06
8.08000e-01 -3.36676e+06
8.09000e-01 -3.42164e+06
8.10000e-01 -3.47739e+06
8.11000e-01 -3.53403e+06
8.12000e-01 -3.59157e+06
8.13000e-01 -3.65002e+06
8.14000e-01 -3.70940e+06
8.15000e-01 -3.76973e+06
8.16000e-01 -3.83101e+06
8.17000e-01 -3.89327e+06
8.18000e-01 -3.95652e+06
8.19000e-01 -4.02077e+06
8.20000e-01 -4.08604e+06
8.21000e-01 -4.15234e+06
8.22000e-01 -4.21969e+06
8.23000e-01 -4.28811e+06
8.24000e-01 -4.35762e+06
8.25000e-01 -4.42822e+06
8.26000e-01 -4.49995e+06
8.27000e-01 -4.57280e+06
8.28000e-01 -4.64681e+06
8.29000e-01 -4.72199e+06
8.30000e-01 -4.79836e+06
8.31000e-01 -4.87593e+06
8.32000e-01 -4.95473e+06
8.33000e-01 -5.03477e+06
8.34000e-01 -5.11608e+06
8.35000e-01 -5.19866e+06
8.36000e-01 -5.28255e+06
8.37000e-01 -5.36776e+06
8.38000e-01 -5.45432e+06
8.39000e-01 -5.54223e+06
8.40000e-01 -5.63153e+06
8.41000e-01 -5.72224e+06
8.42000e-01 -5.81437e+06
8.43000e-01 -5.90796e+06
8.44000e-01 -6.00301e+06
8.45000e-01 -6.09955e+06
8.46000e-01 -6.19762e+06
8.47000e-01 -6.29722e+06
8.48000e-01 -6.39839e+06
8.49000e-01 -6.50114e+06
8.50000e-01 -6.60551e+06
8.51000e-01 -6.71151e+06
8.52000e-01 -6.81917e+06
8.53000e-01 -6.92852e+06
8.54000e-01 -7.03959e+06
8.55000e-01 -7.15239e+06
8.56000e-01 -7.26696e+06
8.57000e-01 -7.38331e+06
8.58000e-01 -7.50149e+06
8.59000e-01 -7.62152e+06
8.60000e-01 -7.74342e+06
8.61000e-01 -7.86723e+06
8.62000e-01 -7.99297e+06
8.63000e-01 -8.12068e+06
8.64000e-01 -8.25037e+06
8.65000e-01 -8.38209e+06
8.66000e-01 -8.51587e+06
8.67000e-01 -8.65173e+06
8.68000e-01 -8.78970e+06
8.69000e-01 -8.92983e+06
8.70000e-01 -9.07214e+06
8.71000e-01 -9.21666e+06
8.72000e-01 -9.36343e+06
8.73000e-01 -9.51248e+06
8.74000e-01 -9.66386e+06
8.75000e-01 -9.81758e+06
8.76000e-01 -9.97369e+06
8.77000e-01 -1.01322e+07
8.78000e-01 -1.02932e+07
8.79000e-01 -1.04567e+07
8.80000e-01 -1.06228e+07
8.81000e-01 -1.07914e+07
8.82000e-01 -1.09626e+07
8.83000e-01 -1.11365e+07
8.84000e-01 -1.13130e+07
8.85000e-01 -1.14924e+07
8.86000e-01 -1.16744e+07
8.87000e-01 -1.18593e+07
8.88000e-01 -1.20471e+07
8.89000e-01 -1.22378e+07
8.90000e-01 -1.24314e+07
8.91000e-01 -1.26280e+07
8.92000e-01 -1.28276e+07
8.93000e-01 -1.30303e+07
8.94000e-01 -1.32362e+07
8.95000e-01 -1.34452e+07
8.96000e-01 -1.36575e+07
8.97000e-01 -1.38730e+07
8.98000e-01 -1.40919e+07
8.99000e-01 -1.43141e+07
9.00000e-01 -1.45397e+07
9.01000e-01 -1.47689e+07
9.02000e-01 -1.50015e+07
9.03000e-01 -1.52377e+07
9.04000e-01 -1.54776e+07
9.05000e-01 -1.57212e+07
9.06000e-01 -1.59685e+07
9.07000e-01 -1.62196e+07
9.08000e-01 -1.64745e+07
9.09000e-01 -1.67334e+07
9.10000e-01 -1.69962e+07
9.11000e-01 -1.72631e+07
9.12000e-01 -1.75341e+07
9.13000e-01 -1.78092e+07
9.14000e-01 -1.80885e+07
9.15000e-01 -1.83721e+07
9.16000e-01 -1.86601e+07
9.17000e-01 -1.89525e+07
9.18000e-01 -1.92493e+07
9.19000e-01 -1.95507e+07
9.20000e-01 -1.98567e+07
9.21000e-01 -2.01674e+07
9.22000e-01 -2.04828e+07
9.23000e-01 -2.08031e+07
9.24000e-01 -2.11282e+07
9.25000e-01 -2.14583e+07
9.26000e-01 -2.17935e+07
9.27000e-01 -2.21338e+07
9.28000e-01 -2.24792e+07
9.29000e-01 -2.28299e+07
9.30000e-01 -2.31860e+07
9.31000e-01 -2.35475e+07
9.32000e-01 -2.39145e+07
9.33000e-01 -2.42871e+07
9.34000e-01 -2.46653e+07
9.35000e-01 -2.50493e+07
9.36000e-01 -2.54392e+07
9.37000e-01 -2.58350e+07
9.38000e-01 -2.62368e+07
9.39000e-01 -2.66447e+07
9.40000e-01 -2.70588e+07
9.41000e-01 -2.74791e+07
9.42000e-01 -2.79059e+07
9.43000e-01 -2.83392e+07
9.44000e-01 -2.87790e+07
9.45000e-01 -2.92255e+07
9.46000e-01 -2.96787e+07
9.47000e-01 -3.01388e+07
9.48000e-01 -3.06059e+07
9.49000e-01 -3.10801e+07
9.50000e-01 -3.15614e+07
9.51000e-01 -3.20501e+07
9.52000e-01 -3.25461e+07
9.53000e-01 -3.30496e+07
9.54000e-01 -3.35607e+07
9.55000e-01 -3.40796e+07
9.56000e-01 -3.46063e+07
9.57000e-01 -3.51409e+07
9.58000e-01 -3.56837e+07
9.59000e-01 -3.62346e+07
9.60000e-01 -3.67938e+07
9.61000e-01 -3.73614e+07
9.62000e-01 -3.79377e+07
9.63000e-01 -3.85226e+07
9.64000e-01 -3.91163e+07
9.65000e-01 -3.97189e+07
9.66000e-01 -4.03306e+07
9.67000e-01 -4.09516e+07
9.68000e-01 -4.15818e+07
9.69000e-01 -4.22216e+07
9.70000e-01 -4.28710e+07
9.71000e-01 -4.35301e+07
9.72000e-01 -4.41991e+07
9.73000e-01 -4.48782e+07
9.74000e-01 -4.55675e+07
9.75000e-01 -4.62671e+07
9.76000e-01 -4.69772e+07
9.77000e-01 -4.76980e+07
9.78000e-01 -4.84296e+07
9.79000e-01 -4.91721e+07
9.80000e-01 -4.99258e+07
9.81000e-01 -5.06908e+07
9.82000e-01 -5.14672e+07
9.83000e-01 -5.22552e+07
9.84000e-01 -5.30551e+07
9.85000e-01 -5.38669e+07
9.86000e-01 -5.46908e+07
9.87000e-01 -5.55271e+07
9.88000e-01 -5.63758e+07
9.89000e-01 -5.72373e+07
9.90000e-01 -5.81116e+07
9.91000e-01 -5.89989e+07
9.92000e-01 -5.98995e+07
9.93000e-01 -6.08136e+07
9.94000e-01 -6.17412e+07
9.95000e-01 -6.26827e+07
9.96000e-01 -6.36382e+07
9.97000e-01 -6.46080e+07
9.98000e-01 -6.55922e+07
9.99000e-01 -6.65911e+07
1.00000e+00 -6.76048e+07
1.00100e+00 -6.86336e+07
1.00200e+00 -6.96778e+07
1.00300e+00 -7.07374e+07
1.00400e+00 -7.18128e+07
1.00500e+00 -7.29042e+07
1.00600e+00 -7.40118e+07
1.00700e+00 -7.51358e+07
1.00800e+00 -7.62766e+07
1.00900e+00 -7.74342e+07
1.01000e+00 -7.86091e+07
1.01100e+00 -7.98013e+07
1.01200e+00 -8.10113e+07
1.01300e+00 -8.22391e+07
1.01400e+00 -8.34852e+07
1.01500e+00 -8.47497e+07
1.01600e+00 -8.60330e+07
1.01700e+00 -8.73352e+07
1.01800e+00 -8.86567e+07
1.01900e+00 -8.99978e+07
1.02000e+00 -9.13587e+07
1.02100e+00 -9.27397e+07
1.02200e+00 -9.41411e+07
1.02300e+00 -9.55632e+07
1.02400e+00 -9.70063e+07
1.02500e+00 -9.84707e+07
1.02600e+00 -9.99568e+07
1.02700e+00 -1.01465e+08
1.02800e+00 -1.02995e+08
1.02900e+00 -1.04548e+08
1.03000e+00 -1.06123e+08
1.03100e+00 -1.07722e+08
1.03200e+00 -1.09345e+08
1.03300e+00 -1.10991e+08
1.03400e+00 -1.12662e+08
1.03500e+00 -1.14357e+08
1.03600e+00 -1.16077e+08
1.03700e+00 -1.17822e+08
1.03800e+00 -1.19593e+08
1.03900e+00 -1.21390e+08
1.04000e+00 -1.23214e+08
1.04100e+00 -1.25064e+08
1.04200e+00 -1.26941e+08
1.04300e+00 -1.28846e+08
1.04400e+00 -1.30779e+08
1.04500e+00 -1.32741e+08
1.04600e+00 -1.34731e+08
1.04700e+00 -1.36750e+08
1.04800e+00 -1.38799e+08
1.04900e+00 -1.40877e+08
1.05000e+00 -1.42987e+08
1.05100e+00 -1.45127e+08
1.05200e+00 -1.47298e+08
1.05300e+00 -1.49502e+08
1.05400e+00 -1.51737e+08
1.05500e+00 -1.54005e+08
1.05600e+00 -1.56306e+08
1.05700e+00 -1.58641e+08
1.05800e+00 -1.61011e+08
1.05900e+00 -1.63414e+08
1.06000e+00 -1.65853e+08
1.06100e+00 -1.68327e+08
1.06200e+00 -1.70838e+08
1.06300e+00 -1.73385e+08
1.06400e+00 -1.75969e+08
1.06500e+00 -1.78591e+08
1.06600e+00 -1.81251e+08
1.06700e+00 -1.83950e+08
1.06800e+00 -1.86688e+08
1.06900e+00 -1.89466e+08
1.07000e+00 -1.92284e+08
1.07100e+00 -1.95144e+08
1.07200e+00 -1.98045e+08
1.07300e+00 -2.00988e+08
1.07400e+00 -2.03974e+08
1.07500e+00 -2.07003e+08
1.07600e+00 -2.10077e+08
1.07700e+00 -2.13195e+08
1.07800e+00 -2.16358e+08
1.07900e+00 -2.19567e+08
1.08000e+00 -2.22823e+08
1.08100e+00 -2.26126e+08
1.08200e+00 -2.29477e+08
1.08300e+00 -2.32876e+08
1.08400e+00 -2.36325e+08
1.08500e+00 -2.39823e+08
1.08600e+00 -2.43373e+08
1.08700e+00 -2.46973e+08
1.08800e+00 -2.50626e+08
1.08900e+00 -2.54332e+08
1.09000e+00 -2.58091e+08
1.09100e+00 -2.61905e+08
1.09200e+00 -2.65774e+08
1.09300e+00 -2.69698e+08
1.09400e+00 -2.73679e+08
1.09500e+00 -2.77718e+08
1.09600e+00 -2.81815e+08
1.09700e+00 -2.85972e+08
1.09800e+00 -2.90188e+08
1.09900e+00 -2.94465e+08
1.10000e+00 -2.98804e+08
1.10100e+00 -3.03205e+08
1.10200e+00 -3.07670e+08
1.10300e+00 -3.12199e+08
1.10400e+00 -3.16793e+08
1.10500e+00 -3.21454e+08
1.10600e+00 -3.26181e+08
1.10700e+00 -3.30977e+08
1.10800e+00 -3.35841e+08
1.10900e+00 -3.40776e+08
1.11000e+00 -3.45781e+08
1.11100e+00 -3.50858e+08
1.11200e+00 -3.56009e+08
1.11300e+00 -3.61233e+08
1.11400e+00 -3.66532e+08
1.11500e+00 -3.71907e+08
1.11600e+00 -3.77360e+08
1.11700e+00 -3.82891e+08
1.11800e+00 -3.88501e+08
1.11900e+00 -3.94191e+08
1.12000e+00 -3.99963e+08
1.12100e+00 -4.05818e+08
1.12200e+00 -4.11756e+08
1.12300e+00 -4.17780e+08
1.12400e+00 -4.23890e+08
1.12500e+00 -4.30087e+08
1.12600e+00 -4.36373e+08
1.12700e+00 -4.42749e+08
1.12800e+00 -4.49216e+08
1.12900e+00 -4.55776e+08
1.13000e+00 -4.62429e+08
1.13100e+00 -4.69177e+08
1.13200e+00 -4.76022e+08
1.13300e+00 -4.82964e+08
1.13400e+00 -4.90006e+08
1.13500e+00 -4.97148e+08
1.13600e+00 -5.04391e+08
1.13700e+00 -5.11739e+08
1.13800e+00 -5.19190e+08
1.13900e+00 -5.26749e+08
1.14000e+00 -5.34414e+08
1.14100e+00 -5.42189e+08
1.14200e+00 -5.50075e+08
1.14300e+00 -5.58073e+08
1.14400e+00 -5.66185e+08
1.14500e+00 -5.74412e+08
1.14600e+00 -5.82756e+08
1.14700e+00 -5.91219e+08
1.14800e+00 -5.99802e+08
1.14900e+00 -6.08507e+08
1.15000e+00 -6.17336e+08
1.15100e+00 -6.26290e+08
1.15200e+00 -6.35372e+08
1.15300e+00 -6.44582e+08
1.15400e+00 -6.53923e+08
1.15500e+00 -6.63396e+08
1.15600e+00 -6.73004e+08
1.15700e+00 -6.82748e+08
1.15800e+00 -6.92630e+08
1.15900e+00 -7.02652e+08
1.16000e+00 -7.12816e+08
1.16100e+00 -7.23124e+08
1.16200e+00 -7.33578e+08
1.16300e+00 -7.44180e+08
1.16400e+00 -7.54932e+08
1.16500e+00 -7.65836e+08
1.16600e+00 -7.76895e+08
1.16700e+00 -7.88109e+08
1.16800e+00 -7.99482e+08
1.16900e+00 -8.11016e+08
1.17000e+00 -8.22713e+08
1.17100e+00 -8.34574e+08
1.17200e+00 -8.46604e+08
1.17300e+00 -8.58803e+08
1.17400e+00 -8.71174e+08
1.17500e+00 -8.83720e+08
1.17600e+00 -8.96442e+08
1.17700e+00 -9.09344e+08
1.17800e+00 -9.22428e+08
1.17900e+00 -9.35696e+08
1.18000e+00 -9.49151e+08
1.18100e+00 -9.62795e+08
1.18200e+00 -9.76632e+08
1.18300e+00 -9.90663e+08
1.18400e+00 -1.00489e+09
1.18500e+00 -1.01932e+09
1.18600e+00 -1.03395e+09
1.18700e+00 -1.04879e+09
1.18800e+00 -1.06384e+09
1.18900e+00 -1.07909e+09
1.19000e+00 -1.09456e+09
1.19100e+00 -1.11025e+09
1.19200e+00 -1.12616e+09
1.19300e+00 -1.14229e+09
1.19400e+00 -1.15865e+09
1.19500e+00 -1.17524e+09
1.19600e+00 -1.19206e+09
1.19700e+00 -1.20912e+09
1.19800e+00 -1.22641e+09
1.19900e+00 -1.24395e+09
1.20000e+00 -1.26173e+09
1.20100e+00 -1.27977e+09
1.20200e+00 -1.29805e+09
1.20300e+00 -1.31659e+09
1.20400e+00 -1.33539e+09
1.20500e+00 -1.35445e+09
1.20600e+00 -1.37378e+09
1.20700e+00 -1.39338e+09
1.20800e+00 -1.41326e+09
1.20900e+00 -1.43341e+09
1.21000e+00 -1.45384e+09
1.21100e+00 -1.47456e+09
1.21200e+00 -1.49557e+09
1.21300e+00 -1.51687e+09
1.21400e+00 -1.53846e+09
1.21500e+00 -1.56036e+09
1.21600e+00 -1.58257e+09
1.21700e+00 -1.60508e+09
1.21800e+00 -1.62791e+09
1.21900e+00 -1.65105e+09
1.22000e+00 -1.67452e+09
1.22100e+00 -1.69832e+09
1.22200e+00 -1.72244e+09
1.22300e+00 -1.74690e+09
1.22400e+00 -1.77171e+09
1.22500e+00 -1.79685e+09
1.22600e+00 -1.82235e+09
1.22700e+00 -1.84820e+09
1.22800e+00 -1.87441e+09
1.22900e+00 -1.90099e+09
1.23000e+00 -1.92793e+09
1.23100e+00 -1.95525e+09
1.23200e+00 -1.98295e+09
1.23300e+00 -2.01103e+09
1.23400e+00 -2.03950e+09
1.23500e+00 -2.06837e+09
1.23600e+00 -2.09763e+09
1.23700e+00 -2.12730e+09
1.23800e+00 -2.15739e+09
1.23900e+00 -2.18789e+09
1.24000e+00 -2.21881e+09
1.24100e+00 -2.25016e+09
1.24200e+00 -2.28195e+09
1.24300e+00 -2.31418e+09
1.24400e+00 -2.34685e+09
1.24500e+00 -2.37997e+09
1.24600e+00 -2.41355e+09
1.24700e+00 -2.44760e+09
1.24800e+00 -2.48212e+09
1.24900e+00 -2.51711e+09
1.25000e+00 -2.55259e+09
1.25100e+00 -2.58856e+09
1.25200e+00 -2.62502e+09
1.25300e+00 -2.66199e+09
1.25400e+00 -2.69947e+09
1.25500e+00 -2.73746e+09
1.25600e+00 -2.77598e+09
1.25700e+00 -2.81503e+09
1.25800e+00 -2.85462e+09
1.25900e+00 -2.89475e+09
1.26000e+00 -2.93544e+09
1.26100e+00 -2.97669e+09
1.26200e+00 -3.01851e+09
1.26300e+00 -3.06090e+09
1.26400e+00 -3.10387e+09
1.26500e+00 -3.14744e+09
1.26600e+00 -3.19161e+09
1.26700e+00 -3.23638e+09
1.26800e+00 -3.28177e+09
1.26900e+00 -3.32778e+09
1.27000e+00 -3.37443e+09
1.27100e+00 -3.42172e+09
1.27200e+00 -3.46966e+09
1.27300e+00 -3.51825e+09
1.27400e+00 -3.56751e+09
1.27500e+00 -3.61745e+09
1.27600e+00 -3.66808e+09
1.27700e+00 -3.71939e+09
1.27800e+00 -3.77142e+09
1.27900e+00 -3.82415e+09
1.28000e+00 -3.87761e+09
1.28100e+00 -3.93180e+09
1.28200e+00 -3.98674e+09
1.28300e+00 -4.04242e+09
1.28400e+00 -4.09887e+09
1.28500e+00 -4.15609e+09
1.28600e+00 -4.21410e+09
1.28700e+00 -4.27290e+09
1.28800e+00 -4.33250e+09
1.28900e+00 -4.39292e+09
1.29000e+00 -4.45416e+09
1.29100e+00 -4.51625e+09
1.29200e+00 -4.57918e+09
1.29300e+00 -4.64297e+09
1.29400e+00 -4.70763e+09
1.29500e+00 -4.77317e+09
1.29600e+00 -4.83961e+09
1.29700e+00 -4.90696e+09
1.29800e+00 -4.97522e+09
1.29900e+00 -5.04442e+09
1.30000e+00 -5.11456e+09
1.30100e+00 -5.18566e+09
1.30200e+00 -5.25772e+09
1.30300e+00 -5.33077e+09
1.30400e+00 -5.40482e+09
1.30500e+00 -5.47987e+09
1.30600e+00 -5.55594e+09
1.30700e+00 -5.63305e+09
1.30800e+00 -5.71121e+09
1.30900e+00 -5.79044e+09
1.31000e+00 -5.87074e+09
1.31100e+00 -5.95213e+09
1.31200e+00 -6.03463e+09
1.31300e+00 -6.11825e+09
1.31400e+00 -6.20301e+09
1.31500e+00 -6.28892e+09
1.31600e+00 -6.37600e+09
1.31700e+00 -6.46426e+09
1.31800e+00 -6.55371e+09
1.31900e+00 -6.64439e+09
1.32000e+00 -6.73629e+09
1.32100e+00 -6.82944e+09
1.32200e+00 -6.92385e+09
1.32300e+00 -7.01954e+09
1.32400e+00 -7.11654e+09
1.32500e+00 -7.21484e+09
1.32600e+00 -7.31448e+09
1.32700e+00 -7.41547e+09
1.32800e+00 -7.51782e+09
1.32900e+00 -7.62156e+09
1.33000e+00 -7.72671e+09
1.33100e+00 -7.83328e+09
1.33200e+00 -7.94129e+09
1.33300e+00 -8.05076e+09
1.33400e+00 -8.16171e+09
1.33500e+00 -8.27416e+09
1.33600e+00 -8.38814e+09
1.33700e+00 -8.50365e+09
1.33800e+00 -8.62072e+09
1.33900e+00 -8.73938e+09
1.34000e+00 -8.85964e+09
1.34100e+00 -8.98152e+09
1.34200e+00 -9.10504e+09
1.34300e+00 -9.23024e+09
1.34400e+00 -9.35712e+09
1.34500e+00 -9.48571e+09
1.34600e+00 -9.61604e+09
1.34700e+00 -9.74812e+09
1.34800e+00 -9.88199e+09
1.34900e+00 -1.00177e+10
1.35000e+00 -1.01552e+10
1.35100e+00 -1.02945e+10
1.35200e+00 -1.04357e+10
1.35300e+00 -1.05789e+10
1.35400e+00 -1.07239e+10
1.35500e+00 -1.08709e+10
1.35600e+00 -1.10199e+10
1.35700e+00 -1.11709e+10
1.35800e+00 -1.13239e+10
1.35900e+00 -1.14790e+10
1.36000e+00 -1.16361e+10
1.36100e+00 -1.17954e+10
1.36200e+00 -1.19568e+10
1.36300e+00 -1.21204e+10
1.36400e+00 -1.22861e+10
1.36500e+00 -1.24541e+10
1.36600e+00 -1.26244e+10
1.36700e+00 -1.27969e+10
1.36800e+00 -1.29718e+10
1.36900e+00 -1.31490e+10
1.37000e+00 -1.33285e+10
1.37100e+00 -1.35105e+10
1.37200e+00 -1.36949e+10
1.37300e+00 -1.38818e+10
1.37400e+00 -1.40712e+10
1.37500e+00 -1.42631e+10
1.37600e+00 -1.44576e+10
1.37700e+00 -1.46547e+10
1.37800e+00 -1.48545e+10
1.37900e+00 -1.50569e+10
1.38000e+00 -1.52620e+10
1.38100e+00 -1.54699e+10
1.38200e+00 -1.56805e+10
1.38300e+00 -1.58940e+10
1.38400e+00 -1.61103e+10
1.38500e+00 -1.63295e+10
1.38600e+00 -1.65516e+10
1.38700e+00 -1.67767e+10
1.38800e+00 -1.70048e+10
1.38900e+00 -1.72359e+10
1.39000e+00 -1.74702e+10
1.39100e+00 -1.77075e+10
1.39200e+00 -1.79480e+10
1.39300e+00 -1.81918e+10
1.39400e+00 -1.84387e+10
1.39500e+00 -1.86890e+10
1.39600e+00 -1.89426e+10
1.39700e+00 -1.91996e+10
1.39800e+00 -1.94600e+10
1.39900e+00 -1.97239e+10
1.40000e+00 -1.99913e+10
1.40100e+00 -2.02622e+10
1.40200e+00 -2.05367e+10
1.40300e+00 -2.08150e+10
1.40400e+00 -2.10969e+10
1.40500e+00 -2.13825e+10
1.40600e+00 -2.16720e+10
1.40700e+00 -2.19653e+10
1.40800e+00 -2.22625e+10
1.40900e+00 -2.25636e+10
1.41000e+00 -2.28688e+10
1.41100e+00 -2.31780e+10
1.41200e+00 -2.34913e+10
1.41300e+00 -2.38087e+10
1.41400e+00 -2.41304e+10
1.41500e+00 -2.44564e+10
1.41600e+00 -2.47866e+10
1.41700e+00 -2.51213e+10
1.41800e+00 -2.54604e+10
1.41900e+00 -2.58040e+10
1.42000e+00 -2.61521e+10
1.42100e+00 -2.65049e+10
1.42200e+00 -2.68623e+10
1.42300e+00 -2.72244e+10
1.42400e+00 -2.75914e+10
1.42500e+00 -2.79632e+10
1.42600e+00 -2.83399e+10
1.42700e+00 -2.87217e+10
1.42800e+00 -2.91084e+10
1.42900e+00 -2.95003e+10
1.43000e+00 -2.98974e+10
1.43100e+00 -3.02997e+10
1.43200e+00 -3.07074e+10
1.43300e+00 -3.11204e+10
1.43400e+00 -3.15389e+10
1.43500e+00 -3.19629e+10
1.43600e+00 -3.23925e+10
1.43700e+00 -3.28278e+10
1.43800e+00 -3.32688e+10
1.43900e+00 -3.37156e+10
1.44000e+00 -3.41684e+10
1.44100e+00 -3.46271e+10
1.44200e+00 -3.50919e+10
1.44300e+00 -3.55628e+10
1.44400e+00 -3.60399e+10
1.44500e+00 -3.65233e+10
1.44600e+00 -3.70131e+10
1.44700e+00 -3.75093e+10
1.44800e+00 -3.80120e+10
1.44900e+00 -3.85214e+10
1.45000e+00 -3.90375e+10
1.45100e+00 -3.95604e+10
1.45200e+00 -4.00901e+10
1.45300e+00 -4.06269e+10
1.45400e+00 -4.11706e+10
1.45500e+00 -4.17216e+10
1.45600e+00 -4.22798e+10
1.45700e+00 -4.28453e+10
1.45800e+00 -4.34183e+10
1.45900e+00 -4.39987e+10
1.46000e+00 -4.45869e+10
1.46100e+00 -4.51827e+10
1.46200e+00 -4.57864e+10
1.46300e+00 -4.63979e+10
1.46400e+00 -4.70176e+10
1.46500e+00 -4.76453e+10
1.46600e+00 -4.82813e+10
1.46700e+00 -4.89256e+10
1.46800e+00 -4.95784e+10
1.46900e+00 -5.02397e+10
1.47000e+00 -5.09097e+10
1.47100e+00 -5.15885e+10
1.47200e+00 -5.22762e+10
1.47300e+00 -5.29729e+10
1.47400e+00 -5.36787e+10
1.47500e+00 -5.43938e+10
1.47600e+00 -5.51182e+10
1.47700e+00 -5.58521e+10
1.47800e+00 -5.65957e+10
1.47900e+00 -5.73489e+10
1.48000e+00 -5.81120e+10
1.48100e+00 -5.88851e+10
1.48200e+00 -5.96683e+10
1.48300e+00 -6.04617e+10
1.48400e+00 -6.12655e+10
1.48500e+00 -6.20798e+10
1.48600e+00 -6.29047e+10
1.48700e+00 -6.37404e+10
1.48800e+00 -6.45871e+10
1.48900e+00 -6.54448e+10
1.49000e+00 -6.63136e+10
1.49100e+00 -6.71939e+10
1.49200e+00 -6.80856e+10
1.49300e+00 -6.89889e+10
1.49400e+00 -6.99040e+10
1.49500e+00 -7.08311e+10
1.49600e+00 -7.17703e+10
1.49700e+00 -7.27216e+10
1.49800e+00 -7.36854e+10
1.49900e+00 -7.46618e+10
1.50000e+00 -7.56508e+10
1.50100e+00 -7.66528e+10
1.50200e+00 -7.76678e+10
1.50300e+00 -7.86960e+10
1.50400e+00 -7.97376e+10
1.50500e+00 -8.07927e+10
1.50600e+00 -8.18616e+10
1.50700e+00 -8.29444e+10
1.50800e+00 -8.40413e+10
1.50900e+00 -8.51524e+10
1.51000e+00 -8.62780e+10
1.51100e+00 -8.74182e+10
1.51200e+00 -8.85732e+10
1.51300e+00 -8.97432e+10
1.51400e+00 -9.09284e+10
1.51500e+00 -9.21290e+10
1.51600e+00 -9.33453e+10
1.51700e+00 -9.45772e+10
1.51800e+00 -9.58252e+10
1.51900e+00 -9.70894e+10
1.52000e+00 -9.83700e+10
1.52100e+00 -9.96672e+10
1.52200e+00 -1.00981e+11
1.52300e+00 -1.02312e+11
1.52400e+00 -1.03661e+11
1.52500e+00 -1.05026e+11
1.52600e+00 -1.06410e+11
1.52700e+00 -1.07811e+11
1.52800e+00 -1.09231e+11
1.52900e+00 -1.10669e+11
1.53000e+00 -1.12125e+11
1.53100e+00 -1.13601e+11
1.53200e+00 -1.15095e+11
1.53300e+00 -1.16609e+11
1.53400e+00 -1.18143e+11
1.53500e+00 -1.19696e+11
1.53600e+00 -1.21269e+11
1.53700e+00 -1.22863e+11
1.53800e+00 -1.24477e+11
1.53900e+00 -1.26112e+11
1.54000e+00 -1.27769e+11
1.54100e+00 -1.29446e+11
1.54200e+00 -1.31146e+11
1.54300e+00 -1.32867e+11
1.54400e+00 -1.34610e+11
1.54500e+00 -1.36377e+11
1.54600e+00 -1.38165e+11
1.54700e+00 -1.39977e+11
1.54800e+00 -1.41813e+11
1.54900e+00 -1.43672e+11
1.55000e+00 -1.45554e+11
1.55100e+00 -1.47462e+11
1.55200e+00 -1.49394e+11
1.55300e+00 -1.51350e+11
1.55400e+00 -1.53332e+11
1.55500e+00 -1.55340e+11
1.55600e+00 -1.57373e+11
1.55700e+00 -1.59432e+11
1.55800e+00 -1.61518e+11
1.55900e+00 -1.63631e+11
1.56000e+00 -1.65771e+11
1.56100e+00 -1.67939e+11
1.56200e+00 -1.70134e+11
1.56300e+00 -1.72358e+11
1.56400e+00 -1.74611e+11
1.56500e+00 -1.76892e+11
1.56600e+00 -1.79202e+11
1.56700e+00 -1.81543e+11
1.56800e+00 -1.83913e+11
1.56900e+00 -1.86314e+11
1.57000e+00 -1.88746e+11
1.57100e+00 -1.91209e+11
1.57200e+00 -1.93703e+11
1.57300e+00 -1.96230e+11
1.57400e+00 -1.98789e+11
1.57500e+00 -2.01381e+11
1.57600e+00 -2.04006e+11
1.57700e+00 -2.06665e+11
1.57800e+00 -2.09358e+11
1.57900e+00 -2.12085e+11
1.58000e+00 -2.14847e+11
1.58100e+00 -2.17645e+11
1.58200e+00 -2.20479e+11
1.58300e+00 -2.23349e+11
1.58400e+00 -2.26256e+11
1.58500e+00 -2.29200e+11
1.58600e+00 -2.32181e+11
1.58700e+00 -2.35201e+11
1.58800e+00 -2.38260e+11
1.58900e+00 -2.41357e+11
1.59000e+00 -2.44495e+11
1.59100e+00 -2.47672e+11
1.59200e+00 -2.50890e+11
1.59300e+00 -2.54149e+11
1.59400e+00 -2.57450e+11
1.59500e+00 -2.60794e+11
1.59600e+00 -2.64179e+11
1.59700e+00 -2.67609e+11
1.59800e+00 -2.71082e+11
1.59900e+00 -2.74599e+11
1.60000e+00 -2.78161e+11
1.60100e+00 -2.81769e+11
1.60200e+00 -2.85423e+11
1.60300e+00 -2.89123e+11
1.60400e+00 -2.92871e+11
1.60500e+00 -2.96666e+11
1.60600e+00 -3.00510e+11
1.60700e+00 -3.04403e+11
1.60800e+00 -3.08346e+11
1.60900e+00 -3.12339e+11
1.61000e+00 -3.16383e+11
1.61100e+00 -3.20478e+11
1.61200e+00 -3.24626e+11
1.61300e+00 -3.28826e+11
1.61400e+00 -3.33080e+11
1.61500e+00 -3.37388e+11
1.61600e+00 -3.41751e+11
1.61700e+00 -3.46169e+11
1.61800e+00 -3.50644e+11
1.61900e+00 -3.55176e+11
1.62000e+00 -3.59765e+11
1.62100e+00 -3.64413e+11
1.62200e+00 -3.69120e+11
1.62300e+00 -3.73887e+11
1.62400e+00 -3.78714e+11
1.62500e+00 -3.83603e+11
1.62600e+00 -3.88554e+11
1.62700e+00 -3.93568e+11
1.62800e+00 -3.98645e+11
1.62900e+00 -4.03787e+11
1.63000e+00 -4.08995e+11
1.63100e+00 -4.14268e+11
1.63200e+00 -4.19609e+11
1.63300e+00 -4.25017e+11
1.63400e+00 -4.30494e+11
1.63500e+00 -4.36040e+11
1.63600e+00 -4.41657e+11
1.63700e+00 -4.47345e+11
1.63800e+00 -4.53105e+11
1.63900e+00 -4.58938e+11
1.64000e+00 -4.64846e+11
1.64100e+00 -4.70828e+11
1.64200e+00 -4.76886e+11
1.64300e+00 -4.83020e+11
1.64400e+00 -4.89233e+11
1.64500e+00 -4.95524e+11
1.64600e+00 -5.01895e+11
1.64700e+00 -5.08346e+11
1.64800e+00 -5.14879e+11
1.64900e+00 -5.21495e+11
1.65000e+00 -5.28195e+11
1.65100e+00 -5.34979e+11
1.65200e+00 -5.41850e+11
1.65300e+00 -5.48807e+11
1.65400e+00 -5.55852e+11
1.65500e+00 -5.62986e+11
1.65600e+00 -5.70211e+11
1.65700e+00 -5.77526e+11
1.65800e+00 -5.84935e+11
1.65900e+00 -5.92436e+11
1.66000e+00 -6.00033e+11
1.66100e+00 -6.07726e+11
1.66200e+00 -6.15515e+11
1.66300e+00 -6.23403e+11
1.66400e+00 -6.31391e+11
1.66500e+00 -6.39480e+11
1.66600e+00 -6.47670e+11
1.66700e+00 -6.55964e+11
1.66800e+00 -6.64363e+11
1.66900e+00 -6.72867e+11
1.67000e+00 -6.81479e+11
1.67100e+00 -6.90200e+11
1.67200e+00 -6.99030e+11
1.67300e+00 -7.07972e+11
1.67400e+00 -7.17026e+11
1.67500e+00 -7.26195e+11
1.67600e+00 -7.35479e+11
1.67700e+00 -7.44880e+11
1.67800e+00 -7.54399e+11
1.67900e+00 -7.64038e+11
1.68000e+00 -7.73799e+11
1.68100e+00 -7.83682e+11
1.68200e+00 -7.93690e+11
1.68300e+00 -8.03824e+11
1.68400e+00 -8.14085e+11
1.68500e+00 -8.24475e+11
1.68600e+00 -8.34997e+11
1.68700e+00 -8.45650e+11
1.68800e+00 -8.56437e+11
1.68900e+00 -8.67360e+11
1.69000e+00 -8.78420e+11
1.69100e+00 -8.89620e+11
1.69200e+00 -9.00959e+11
1.69300e+00 -9.12442e+11
1.69400e+00 -9.24068e+11
1.69500e+00 -9.35841e+11
1.69600e+00 -9.47761e+11
1.69700e+00 -9.59831e+11
1.69800e+00 -9.72053e+11
1.69900e+00 -9.84428e+11
1.70000e+00 -9.96958e+11
1.70100e+00 -1.00965e+12
1.70200e+00 -1.02249e+12
1.70300e+00 -1.03550e+12
1.70400e+00 -1.04867e+12
1.70500e+00 -1.06201e+12
1.70600e+00 -1.07551e+12
1.70700e+00 -1.08918e+12
1.70800e+00 -1.10303e+12
1.70900e+00 -1.11704e+12
1.71000e+00 -1.13124e+12
1.71100e+00 -1.14561e+12
1.71200e+00 -1.16016e+12
1.71300e+00 -1.17489e+12
1.71400e+00 -1.18981e+12
1.71500e+00 -1.20491e+12
1.71600e+00 -1.22020e+12
1.71700e+00 -1.23569e+12
1.71800e+00 -1.25136e+12
1.71900e+00 -1.26724e+12
1.72000e+00 -1.28331e+12
1.72100e+00 -1.29958e+12
1.72200e+00 -1.31606e+12
1.72300e+00 -1.33274e+12
1.72400e+00 -1.34963e+12
1.72500e+00 -1.36673e+12
1.72600e+00 -1.38405e+12
1.72700e+00 -1.40158e+12
1.72800e+00 -1.41933e+12
1.72900e+00 -1.43731e+12
1.73000e+00 -1.45550e+12
1.73100e+00 -1.47393e+12
1.73200e+00 -1.49258e+12
1.73300e+00 -1.51147e+12
1.73400e+00 -1.53059e+12
1.73500e+00 -1.54995e+12
1.73600e+00 -1.56956e+12
1.73700e+00 -1.58940e+12
1.73800e+00 -1.60950e+12
1.73900e+00 -1.62984e+12
1.74000e+00 -1.65044e+12
1.74100e+00 -1.67130e+12
1.74200e+00 -1.69241e+12
1.74300e+00 -1.71379e+12
1.74400e+00 -1.73543e+12
1.74500e+00 -1.75735e+12
1.74600e+00 -1.77954e+12
1.74700e+00 -1.80200e+12
1.74800e+00 -1.82474e+12
1.74900e+00 -1.84777e+12
1.75000e+00 -1.87108e+12
1.75100e+00 -1.89468e+12
1.75200e+00 -1.91858e+12
1.75300e+00 -1.94277e+12
1.75400e+00 -1.96727e+12
1.75500e+00 -1.99207e+12
1.75600e+00 -2.01717e+12
1.75700e+00 -2.04259e+12
1.75800e+00 -2.06833e+12
1.75900e+00 -2.09438e+12
1.76000e+00 -2.12076e+12
1.76100e+00 -2.14747e+12
1.76200e+00 -2.17451e+12
1.76300e+00 -2.20188e+12
1.76400e+00 -2.22960e+12
1.76500e+00 -2.25765e+12
1.76600e+00 -2.28606e+12
1.76700e+00 -2.31482e+12
1.76800e+00 -2.34393e+12
1.76900e+00 -2.37341e+12
1.77000e+00 -2.40325e+12
1.77100e+00 -2.43347e+12
1.77200e+00 -2.46405e+12
1.77300e+00 -2.49502e+12
1.77400e+00 -2.52637e+12
1.77500e+00 -2.55811e+12
1.77600e+00 -2.59024e+12
1.77700e+00 -2.62277e+12
1.77800e+00 -2.65571e+12
1.77900e+00 -2.68905e+12
1.78000e+00 -2.72280e+12
1.78100e+00 -2.75697e+12
1.78200e+00 -2.79157e+12
1.78300e+00 -2.82659e+12
1.78400e+00 -2.86205e+12
1.78500e+00 -2.89795e+12
1.78600e+00 -2.93429e+12
1.78700e+00 -2.97108e+12
1.78800e+00 -3.00832e+12
1.78900e+00 -3.04603e+12
1.79000e+00 -3.08420e+12
1.79100e+00 -3.12284e+12
1.79200e+00 -3.16196e+12
1.79300e+00 -3.20157e+12
1.79400e+00 -3.24166e+12
1.79500e+00 -3.28225e+12
1.79600e+00 -3.32335e+12
1.79700e+00 -3.36495e+12
1.79800e+00 -3.40706e+12
1.79900e+00 -3.44969e+12
1.80000e+00 -3.49285e+12
1.80100e+00 -3.53654e+12
1.80200e+00 -3.58077e+12
1.80300e+00 -3.62555e+12
1.80400e+00 -3.67088e+12
1.80500e+00 -3.71677e+12
1.80600e+00 -3.76323e+12
1.80700e+00 -3.81025e+12
1.80800e+00 -3.85786e+12
1.80900e+00 -3.90606e+12
1.81000e+00 -3.95485e+12
1.81100e+00 -4.00424e+12
1.81200e+00 -4.05424e+12
1.81300e+00 -4.10485e+12
1.81400e+00 -4.15609e+12
1.81500e+00 -4.20796e+12
1.81600e+00 -4.26047e+12
1.81700e+00 -4.31363e+12
1.81800e+00 -4.36744e+12
1.81900e+00 -4.42191e+12
1.82000e+00 -4.47706e+12
1.82100e+00 -4.53288e+12
1.82200e+00 -4.58939e+12
1.82300e+00 -4.64659e+12
1.82400e+00 -4.70450e+12
1.82500e+00 -4.76312e+12
1.82600e+00 -4.82246e+12
1.82700e+00 -4.88253e+12
1.82800e+00 -4.94334e+12
1.82900e+00 -5.00490e+12
1.83000e+00 -5.06721e+12
1.83100e+00 -5.13029e+12
1.83200e+00 -5.19415e+12
1.83300e+00 -5.25879e+12
1.83400e+00 -5.32422e+12
1.83500e+00 -5.39046e+12
1.83600e+00 -5.45751e+12
1.83700e+00 -5.52538e+12
1.83800e+00 -5.59409e+12
1.83900e+00 -5.66364e+12
1.84000e+00 -5.73405e+12
1.84100e+00 -5.80531e+12
1.84200e+00 -5.87746e+12
1.84300e+00 -5.95048e+12
1.84400e+00 -6.02441e+12
1.84500e+00 -6.09924e+12
1.84600e+00 -6.17499e+12
1.84700e+00 -6.25166e+12
1.84800e+00 -6.32928e+12
1.84900e+00 -6.40785e+12
1.85000e+00 -6.48738e+12
1.85100e+00 -6.56788e+12
1.85200e+00 -6.64937e+12
1.85300e+00 -6.73186e+12
1.85400e+00 -6.81536e+12
1.85500e+00 -6.89989e+12
1.85600e+00 -6.98544e+12
1.85700e+00 -7.07205e+12
1.85800e+00 -7.15971e+12
1.85900e+00 -7.24845e+12
1.86000e+00 -7.33828e+12
1.86100e+00 -7.42920e+12
1.86200e+00 -7.52123e+12
1.86300e+00 -7.61440e+12
1.86400e+00 -7.70870e+12
1.86500e+00 -7.80415e+12
1.86600e+00 -7.90077e+12
1.86700e+00 -7.99857e+12
1.86800e+00 -8.09757e+12
1.86900e+00 -8.19778e+12
1.87000e+00 -8.29921e+12
1.87100e+00 -8.40188e+12
1.87200e+00 -8.50581e+12
1.87300e+00 -8.61100e+12
1.87400e+00 -8.71748e+12
1.87500e+00 -8.82526e+12
1.87600e+00 -8.93436e+12
1.87700e+00 -9.04479e+12
1.87800e+00 -9.15656e+12
1.87900e+00 -9.26970e+12
1.88000e+00 -9.38422e+12
1.88100e+00 -9.50014e+12
1.88200e+00 -9.61747e+12
1.88300e+00 -9.73624e+12
1.88400e+00 -9.85645e+12
1.88500e+00 -9.97813e+12
1.88600e+00 -1.01013e+13
1.88700e+00 -1.02260e+13
1.88800e+00 -1.03521e+13
1.88900e+00 -1.04799e+13
1.89000e+00 -1.06091e+13
1.89100e+00 -1.07400e+13
1.89200e+00 -1.08724e+13
1.89300e+00 -1.10065e+13
1.89400e+00 -1.11422e+13
1.89500e+00 -1.12795e+13
1.89600e+00 -1.14185e+13
1.89700e+00 -1.15592e+13
1.89800e+00 -1.17017e+13
1.89900e+00 -1.18458e+13
1.90000e+00 -1.19917e+13
1.90100e+00 -1.21394e+13
1.90200e+00 -1.22889e+13
1.90300e+00 -1.24402e+13
1.90400e+00 -1.25933e+13
1.90500e+00 -1.27483e+13
1.90600e+00 -1.29052e+13
1.90700e+00 -1.30640e+13
1.90800e+00 -1.32247e+13
1.90900e+00 -1.33874e+13
1.91000e+00 -1.35521e+13
1.91100e+00 -1.37187e+13
1.91200e+00 -1.38874e+13
1.91300e+00 -1.40581e+13
1.91400e+00 -1.42309e+13
1.91500e+00 -1.44058e+13
1.91600e+00 -1.45828e+13
1.91700e+00 -1.47620e+13
1.91800e+00 -1.49434e+13
1.91900e+00 -1.51269e+13
1.92000e+00 -1.53127e+13
1.92100e+00 -1.55007e+13
1.92200e+00 -1.56910e+13
1.92300e+00 -1.58836e+13
1.92400e+00 -1.60786e+13
1.92500e+00 -1.62759e+13
1.92600e+00 -1.64756e+13
1.92700e+00 -1.66777e+13
1.92800e+00 -1.68823e+13
1.92900e+00 -1.70894e+13
1.93000e+00 -1.72990e+13
1.93100e+00 -1.75111e+13
1.93200e+00 -1.77258e+13
1.93300e+00 -1.79430e+13
1.93400e+00 -1.81630e+13
1.93500e+00 -1.83855e+13
1.93600e+00 -1.86108e+13
1.93700e+00 -1.88388e+13
1.93800e+00 -1.90696e+13
1.93900e+00 -1.93031e+13
1.94000e+00 -1.95395e+13
1.94100e+00 -1.97787e+13
1.94200e+00 -2.00209e+13
1.94300e+00 -2.02659e+13
1.94400e+00 -2.05140e+13
1.94500e+00 -2.07650e+13
1.94600e+00 -2.10191e+13
1.94700e+00 -2.12762e+13
1.94800e+00 -2.15364e+13
1.94900e+00 -2.17998e+13
1.95000e+00 -2.20664e+13
1.95100e+00 -2.23362e+13
1.95200e+00 -2.26093e+13
1.95300e+00 -2.28856e+13
1.95400e+00 -2.31653e+13
1.95500e+00 -2.34484e+13
1.95600e+00 -2.37349e+13
1.95700e+00 -2.40248e+13
1.95800e+00 -2.43183e+13
1.95900e+00 -2.46153e+13
1.96000e+00 -2.49158e+13
1.96100e+00 -2.52201e+13
1.96200e+00 -2.55279e+13
1.96300e+00 -2.58395e+13
1.96400e+00 -2.61549e+13
1.96500e+00 -2.64740e+13
1.96600e+00 -2.67970e+13
1.96700e+00 -2.71239e+13
1.96800e+00 -2.74548e+13
1.96900e+00 -2.77896e+13
1.97000e+00 -2.81285e+13
1.97100e+00 -2.84714e+13
1.97200e+00 -2.88185e+13
1.97300e+00 -2.91698e+13
1.97400e+00 -2.95253e+13
1.97500e+00 -2.98851e+13
1.97600e+00 -3.02492e+13
1.97700e+00 -3.06177e+13
1.97800e+00 -3.09906e+13
1.97900e+00 -3.13681e+13
1.98000e+00 -3.17500e+13
1.98100e+00 -3.21366e+13
1.98200e+00 -3.25278e+13
1.98300e+00 -3.29238e+13
1.98400e+00 -3.33245e+13
1.98500e+00 -3.37300e+13
1.98600e+00 -3.41404e+13
1.98700e+00 -3.45557e+13
1.98800e+00 -3.49761e+13
1.98900e+00 -3.54015e+13
1.99000e+00 -3.58320e+13
1.99100e+00 -3.62676e+13
1.99200e+00 -3.67085e+13
1.99300e+00 -3.71548e+13
1.99400e+00 -3.76063e+13
1.99500e+00 -3.80633e+13
1.99600e+00 -3.85258e+13
1.99700e+00 -3.89939e+13
1.99800e+00 -3.94676e+13
1.99900e+00 -3.99469e+13
2.00000e+00 -4.04321e+13
